//NbLocations 
86 
 
//NbProducts 
38 
 
//K: NbBoxesTrolley 
6 
 
//NbDimensionsCapacity 
2 
 
//B: CapaBox 
12000 92160 
 
//A box can accept mixed orders(0: no, 1: yes) 
0 
 
//Products 
//Idx Location Dim1 Dim2 ... 
1 1 219 1980 
2 2 195 1408 
3 3 183 1408 
4 4 212 1408 
5 5 174 1408 
6 8 270 1714 
7 9 425 2208 
8 10 228 1646 
9 13 280 2560 
10 14 194 1329 
11 15 186 1920 
12 16 207 1320 
13 17 141 1056 
14 17 155 960 
15 19 195 1920 
16 19 187 1646 
17 21 151 1056 
18 22 141 929 
19 23 142 1280 
20 29 182 1320 
21 31 161 1080 
22 32 157 1920 
23 32 147 1131 
24 6 165 1408 
25 7 189 1131 
26 11 190 1920 
27 12 182 1320 
28 17 141 1016 
29 18 157 960 
30 20 207 1509 
31 23 165 1152 
32 24 180 1234 
33 25 115 864 
34 26 221 1440 
35 27 146 960 
36 28 153 960 
37 28 140 1080 
38 30 200 1234 
 
//Orders 
//NbOrders 
9 
//Idx M NbProdInOrder ProdIdx1 Qty1 ProdIdx2 Qty2 ... 
1 1 5 1 1 4 1 8 1 21 1 23 1 
2 1 4 2 1 3 1 5 1 6 1 
3 1 3 2 2 3 2 10 1 
4 1 4 2 2 4 1 5 1 9 2 
5 1 5 2 2 3 1 4 1 5 1 7 1 
6 1 13 2 2 10 1 11 1 12 1 13 1 14 1 15 2 16 1 17 1 18 1 19 1 20 1 22 1 
7 1 11 2 1 3 1 4 1 5 1 24 1 13 1 28 1 15 2 30 2 31 1 19 2 
8 1 16 3 1 4 2 5 2 24 1 27 1 28 2 29 1 19 2 32 1 33 1 34 1 35 1 36 1 37 1 20 2 38 1 
9 1 4 3 1 4 1 25 1 26 1 
 
//Graph (Products are vertices indexed from 1 to NbProducts) 
//NbVerticesIntersections 
54 
 
//DepartingDepot 
0 
 
//ArrivalDepot 
87 
 
//Arcs 
//Start End Distance 
0 33 5000 
0 35 5000 
0 37 5000 
0 39 5000 
0 41 5000 
0 43 5000 
0 45 5000 
0 47 5000 
0 49 5000 
0 51 5000 
0 53 5000 
0 55 5000 
1 2 45 
2 36 360 
3 59 330 
4 5 225 
5 40 0 
6 62 330 
6 63 540 
7 62 540 
8 9 405 
8 64 520 
9 10 180 
9 65 520 
10 66 520 
11 67 450 
12 68 330 
13 54 495 
14 15 45 
14 18 330 
15 16 45 
15 70 330 
16 71 330 
16 72 90 
17 71 90 
18 19 90 
19 20 45 
20 21 90 
21 22 135 
22 23 45 
23 24 45 
24 25 45 
25 26 180 
26 27 45 
27 28 45 
28 29 180 
29 30 90 
30 31 45 
31 32 90 
32 56 0 
33 34 330 
34 35 810 
34 87 0 
35 36 330 
35 58 360 
36 37 810 
36 87 0 
37 3 540 
37 38 330 
38 39 810 
38 87 0 
39 40 460 
39 61 0 
40 41 820 
40 87 0 
41 6 0 
41 42 330 
42 43 230 
42 87 0 
43 44 520 
44 45 200 
44 87 0 
45 8 360 
45 46 520 
46 47 230 
46 87 0 
47 48 330 
48 49 820 
48 87 0 
49 11 450 
49 50 450 
50 51 810 
50 87 0 
51 52 330 
52 53 810 
52 87 0 
53 54 330 
53 69 495 
54 55 810 
54 87 0 
55 56 330 
55 86 0 
56 87 0 
57 1 330 
58 2 330 
58 57 45 
59 38 540 
60 4 460 
61 5 460 
61 60 225 
62 42 0 
63 7 330 
64 46 360 
65 64 405 
66 65 180 
67 50 450 
68 13 675 
69 12 675 
69 13 330 
70 18 45 
71 70 45 
72 17 330 
73 14 90 
73 19 330 
74 20 330 
74 73 45 
75 21 330 
75 74 90 
76 22 330 
76 75 135 
77 23 330 
77 76 45 
78 24 330 
78 77 45 
79 25 330 
79 78 45 
80 26 330 
80 79 180 
81 27 330 
81 80 45 
82 28 330 
82 81 45 
83 29 330 
83 82 180 
84 30 330 
84 83 90 
85 31 330 
85 84 45 
86 32 330 
86 85 90 
 
//LocStart LocEnd ShortestPath 
0 1 5735 
0 2 5690 
0 3 5540 
0 4 5685 
0 5 5460 
0 6 5000 
0 7 5870 
0 8 5360 
0 9 5765 
0 10 5945 
0 11 5450 
0 12 6170 
0 13 5825 
0 14 6170 
0 15 6215 
0 16 6260 
0 17 6680 
0 18 6500 
0 19 6410 
0 20 6365 
0 21 6275 
0 22 6140 
0 23 6095 
0 24 6050 
0 25 6005 
0 26 5825 
0 27 5780 
0 28 5735 
0 29 5555 
0 30 5465 
0 31 5420 
0 32 5330 
0 33 5000 
0 34 5330 
0 35 5000 
0 36 5330 
0 37 5000 
0 38 5330 
0 39 5000 
0 40 5460 
0 41 5000 
0 42 5330 
0 43 5000 
0 44 5520 
0 45 5000 
0 46 5520 
0 47 5000 
0 48 5330 
0 49 5000 
0 50 5450 
0 51 5000 
0 52 5330 
0 53 5000 
0 54 5330 
0 55 5000 
0 56 5330 
0 57 5405 
0 58 5360 
0 59 5870 
0 60 5225 
0 61 5000 
0 62 5330 
0 63 5540 
0 64 5880 
0 65 6285 
0 66 6465 
0 67 5900 
0 68 6500 
0 69 5495 
0 70 6545 
0 71 6590 
0 72 6350 
0 73 6080 
0 74 6035 
0 75 5945 
0 76 5810 
0 77 5765 
0 78 5720 
0 79 5675 
0 80 5495 
0 81 5450 
0 82 5405 
0 83 5225 
0 84 5135 
0 85 5090 
0 86 5000 
0 87 5330 
1 2 45 
1 3 1755 
1 4 3040 
1 5 2815 
1 6 3635 
1 7 4505 
1 8 5275 
1 9 5680 
1 10 5860 
1 11 7265 
1 12 10385 
1 13 10040 
1 14 11525 
1 15 11570 
1 16 11615 
1 17 12035 
1 18 11855 
1 19 11765 
1 20 11720 
1 21 11630 
1 22 11495 
1 23 11450 
1 24 11405 
1 25 11360 
1 26 11180 
1 27 11135 
1 28 11090 
1 29 10910 
1 30 10820 
1 31 10775 
1 32 10685 
1 36 405 
1 37 1215 
1 38 1545 
1 39 2355 
1 40 2815 
1 41 3635 
1 42 3965 
1 43 4195 
1 44 4715 
1 45 4915 
1 46 5435 
1 47 5665 
1 48 5995 
1 49 6815 
1 50 7265 
1 51 8075 
1 52 8405 
1 53 9215 
1 54 9545 
1 55 10355 
1 56 10685 
1 59 2085 
1 60 2580 
1 61 2355 
1 62 3965 
1 63 4175 
1 64 5795 
1 65 6200 
1 66 6380 
1 67 7715 
1 68 10715 
1 69 9710 
1 70 11900 
1 71 11945 
1 72 11705 
1 73 11435 
1 74 11390 
1 75 11300 
1 76 11165 
1 77 11120 
1 78 11075 
1 79 11030 
1 80 10850 
1 81 10805 
1 82 10760 
1 83 10580 
1 84 10490 
1 85 10445 
1 86 10355 
1 87 405 
2 3 1710 
2 4 2995 
2 5 2770 
2 6 3590 
2 7 4460 
2 8 5230 
2 9 5635 
2 10 5815 
2 11 7220 
2 12 10340 
2 13 9995 
2 14 11480 
2 15 11525 
2 16 11570 
2 17 11990 
2 18 11810 
2 19 11720 
2 20 11675 
2 21 11585 
2 22 11450 
2 23 11405 
2 24 11360 
2 25 11315 
2 26 11135 
2 27 11090 
2 28 11045 
2 29 10865 
2 30 10775 
2 31 10730 
2 32 10640 
2 36 360 
2 37 1170 
2 38 1500 
2 39 2310 
2 40 2770 
2 41 3590 
2 42 3920 
2 43 4150 
2 44 4670 
2 45 4870 
2 46 5390 
2 47 5620 
2 48 5950 
2 49 6770 
2 50 7220 
2 51 8030 
2 52 8360 
2 53 9170 
2 54 9500 
2 55 10310 
2 56 10640 
2 59 2040 
2 60 2535 
2 61 2310 
2 62 3920 
2 63 4130 
2 64 5750 
2 65 6155 
2 66 6335 
2 67 7670 
2 68 10670 
2 69 9665 
2 70 11855 
2 71 11900 
2 72 11660 
2 73 11390 
2 74 11345 
2 75 11255 
2 76 11120 
2 77 11075 
2 78 11030 
2 79 10985 
2 80 10805 
2 81 10760 
2 82 10715 
2 83 10535 
2 84 10445 
2 85 10400 
2 86 10310 
2 87 360 
3 4 2365 
3 5 2140 
3 6 2960 
3 7 3830 
3 8 4600 
3 9 5005 
3 10 5185 
3 11 6590 
3 12 9710 
3 13 9365 
3 14 10850 
3 15 10895 
3 16 10940 
3 17 11360 
3 18 11180 
3 19 11090 
3 20 11045 
3 21 10955 
3 22 10820 
3 23 10775 
3 24 10730 
3 25 10685 
3 26 10505 
3 27 10460 
3 28 10415 
3 29 10235 
3 30 10145 
3 31 10100 
3 32 10010 
3 38 870 
3 39 1680 
3 40 2140 
3 41 2960 
3 42 3290 
3 43 3520 
3 44 4040 
3 45 4240 
3 46 4760 
3 47 4990 
3 48 5320 
3 49 6140 
3 50 6590 
3 51 7400 
3 52 7730 
3 53 8540 
3 54 8870 
3 55 9680 
3 56 10010 
3 59 330 
3 60 1905 
3 61 1680 
3 62 3290 
3 63 3500 
3 64 5120 
3 65 5525 
3 66 5705 
3 67 7040 
3 68 10040 
3 69 9035 
3 70 11225 
3 71 11270 
3 72 11030 
3 73 10760 
3 74 10715 
3 75 10625 
3 76 10490 
3 77 10445 
3 78 10400 
3 79 10355 
3 80 10175 
3 81 10130 
3 82 10085 
3 83 9905 
3 84 9815 
3 85 9770 
3 86 9680 
3 87 870 
4 5 225 
4 6 1045 
4 7 1915 
4 8 2685 
4 9 3090 
4 10 3270 
4 11 4675 
4 12 7795 
4 13 7450 
4 14 8935 
4 15 8980 
4 16 9025 
4 17 9445 
4 18 9265 
4 19 9175 
4 20 9130 
4 21 9040 
4 22 8905 
4 23 8860 
4 24 8815 
4 25 8770 
4 26 8590 
4 27 8545 
4 28 8500 
4 29 8320 
4 30 8230 
4 31 8185 
4 32 8095 
4 40 225 
4 41 1045 
4 42 1375 
4 43 1605 
4 44 2125 
4 45 2325 
4 46 2845 
4 47 3075 
4 48 3405 
4 49 4225 
4 50 4675 
4 51 5485 
4 52 5815 
4 53 6625 
4 54 6955 
4 55 7765 
4 56 8095 
4 62 1375 
4 63 1585 
4 64 3205 
4 65 3610 
4 66 3790 
4 67 5125 
4 68 8125 
4 69 7120 
4 70 9310 
4 71 9355 
4 72 9115 
4 73 8845 
4 74 8800 
4 75 8710 
4 76 8575 
4 77 8530 
4 78 8485 
4 79 8440 
4 80 8260 
4 81 8215 
4 82 8170 
4 83 7990 
4 84 7900 
4 85 7855 
4 86 7765 
4 87 225 
5 6 820 
5 7 1690 
5 8 2460 
5 9 2865 
5 10 3045 
5 11 4450 
5 12 7570 
5 13 7225 
5 14 8710 
5 15 8755 
5 16 8800 
5 17 9220 
5 18 9040 
5 19 8950 
5 20 8905 
5 21 8815 
5 22 8680 
5 23 8635 
5 24 8590 
5 25 8545 
5 26 8365 
5 27 8320 
5 28 8275 
5 29 8095 
5 30 8005 
5 31 7960 
5 32 7870 
5 40 0 
5 41 820 
5 42 1150 
5 43 1380 
5 44 1900 
5 45 2100 
5 46 2620 
5 47 2850 
5 48 3180 
5 49 4000 
5 50 4450 
5 51 5260 
5 52 5590 
5 53 6400 
5 54 6730 
5 55 7540 
5 56 7870 
5 62 1150 
5 63 1360 
5 64 2980 
5 65 3385 
5 66 3565 
5 67 4900 
5 68 7900 
5 69 6895 
5 70 9085 
5 71 9130 
5 72 8890 
5 73 8620 
5 74 8575 
5 75 8485 
5 76 8350 
5 77 8305 
5 78 8260 
5 79 8215 
5 80 8035 
5 81 7990 
5 82 7945 
5 83 7765 
5 84 7675 
5 85 7630 
5 86 7540 
5 87 0 
6 7 870 
6 8 1640 
6 9 2045 
6 10 2225 
6 11 3630 
6 12 6750 
6 13 6405 
6 14 7890 
6 15 7935 
6 16 7980 
6 17 8400 
6 18 8220 
6 19 8130 
6 20 8085 
6 21 7995 
6 22 7860 
6 23 7815 
6 24 7770 
6 25 7725 
6 26 7545 
6 27 7500 
6 28 7455 
6 29 7275 
6 30 7185 
6 31 7140 
6 32 7050 
6 42 330 
6 43 560 
6 44 1080 
6 45 1280 
6 46 1800 
6 47 2030 
6 48 2360 
6 49 3180 
6 50 3630 
6 51 4440 
6 52 4770 
6 53 5580 
6 54 5910 
6 55 6720 
6 56 7050 
6 62 330 
6 63 540 
6 64 2160 
6 65 2565 
6 66 2745 
6 67 4080 
6 68 7080 
6 69 6075 
6 70 8265 
6 71 8310 
6 72 8070 
6 73 7800 
6 74 7755 
6 75 7665 
6 76 7530 
6 77 7485 
6 78 7440 
6 79 7395 
6 80 7215 
6 81 7170 
6 82 7125 
6 83 6945 
6 84 6855 
6 85 6810 
6 86 6720 
6 87 330 
7 8 1850 
7 9 2255 
7 10 2435 
7 11 3840 
7 12 6960 
7 13 6615 
7 14 8100 
7 15 8145 
7 16 8190 
7 17 8610 
7 18 8430 
7 19 8340 
7 20 8295 
7 21 8205 
7 22 8070 
7 23 8025 
7 24 7980 
7 25 7935 
7 26 7755 
7 27 7710 
7 28 7665 
7 29 7485 
7 30 7395 
7 31 7350 
7 32 7260 
7 42 540 
7 43 770 
7 44 1290 
7 45 1490 
7 46 2010 
7 47 2240 
7 48 2570 
7 49 3390 
7 50 3840 
7 51 4650 
7 52 4980 
7 53 5790 
7 54 6120 
7 55 6930 
7 56 7260 
7 62 540 
7 64 2370 
7 65 2775 
7 66 2955 
7 67 4290 
7 68 7290 
7 69 6285 
7 70 8475 
7 71 8520 
7 72 8280 
7 73 8010 
7 74 7965 
7 75 7875 
7 76 7740 
7 77 7695 
7 78 7650 
7 79 7605 
7 80 7425 
7 81 7380 
7 82 7335 
7 83 7155 
7 84 7065 
7 85 7020 
7 86 6930 
7 87 540 
8 9 405 
8 10 585 
8 11 2710 
8 12 5830 
8 13 5485 
8 14 6970 
8 15 7015 
8 16 7060 
8 17 7480 
8 18 7300 
8 19 7210 
8 20 7165 
8 21 7075 
8 22 6940 
8 23 6895 
8 24 6850 
8 25 6805 
8 26 6625 
8 27 6580 
8 28 6535 
8 29 6355 
8 30 6265 
8 31 6220 
8 32 6130 
8 46 880 
8 47 1110 
8 48 1440 
8 49 2260 
8 50 2710 
8 51 3520 
8 52 3850 
8 53 4660 
8 54 4990 
8 55 5800 
8 56 6130 
8 64 520 
8 65 925 
8 66 1105 
8 67 3160 
8 68 6160 
8 69 5155 
8 70 7345 
8 71 7390 
8 72 7150 
8 73 6880 
8 74 6835 
8 75 6745 
8 76 6610 
8 77 6565 
8 78 6520 
8 79 6475 
8 80 6295 
8 81 6250 
8 82 6205 
8 83 6025 
8 84 5935 
8 85 5890 
8 86 5800 
8 87 880 
9 10 180 
9 11 3115 
9 12 6235 
9 13 5890 
9 14 7375 
9 15 7420 
9 16 7465 
9 17 7885 
9 18 7705 
9 19 7615 
9 20 7570 
9 21 7480 
9 22 7345 
9 23 7300 
9 24 7255 
9 25 7210 
9 26 7030 
9 27 6985 
9 28 6940 
9 29 6760 
9 30 6670 
9 31 6625 
9 32 6535 
9 46 1285 
9 47 1515 
9 48 1845 
9 49 2665 
9 50 3115 
9 51 3925 
9 52 4255 
9 53 5065 
9 54 5395 
9 55 6205 
9 56 6535 
9 64 925 
9 65 520 
9 66 700 
9 67 3565 
9 68 6565 
9 69 5560 
9 70 7750 
9 71 7795 
9 72 7555 
9 73 7285 
9 74 7240 
9 75 7150 
9 76 7015 
9 77 6970 
9 78 6925 
9 79 6880 
9 80 6700 
9 81 6655 
9 82 6610 
9 83 6430 
9 84 6340 
9 85 6295 
9 86 6205 
9 87 1285 
10 11 3295 
10 12 6415 
10 13 6070 
10 14 7555 
10 15 7600 
10 16 7645 
10 17 8065 
10 18 7885 
10 19 7795 
10 20 7750 
10 21 7660 
10 22 7525 
10 23 7480 
10 24 7435 
10 25 7390 
10 26 7210 
10 27 7165 
10 28 7120 
10 29 6940 
10 30 6850 
10 31 6805 
10 32 6715 
10 46 1465 
10 47 1695 
10 48 2025 
10 49 2845 
10 50 3295 
10 51 4105 
10 52 4435 
10 53 5245 
10 54 5575 
10 55 6385 
10 56 6715 
10 64 1105 
10 65 700 
10 66 520 
10 67 3745 
10 68 6745 
10 69 5740 
10 70 7930 
10 71 7975 
10 72 7735 
10 73 7465 
10 74 7420 
10 75 7330 
10 76 7195 
10 77 7150 
10 78 7105 
10 79 7060 
10 80 6880 
10 81 6835 
10 82 6790 
10 83 6610 
10 84 6520 
10 85 6475 
10 86 6385 
10 87 1465 
11 12 4020 
11 13 3675 
11 14 5160 
11 15 5205 
11 16 5250 
11 17 5670 
11 18 5490 
11 19 5400 
11 20 5355 
11 21 5265 
11 22 5130 
11 23 5085 
11 24 5040 
11 25 4995 
11 26 4815 
11 27 4770 
11 28 4725 
11 29 4545 
11 30 4455 
11 31 4410 
11 32 4320 
11 50 900 
11 51 1710 
11 52 2040 
11 53 2850 
11 54 3180 
11 55 3990 
11 56 4320 
11 67 450 
11 68 4350 
11 69 3345 
11 70 5535 
11 71 5580 
11 72 5340 
11 73 5070 
11 74 5025 
11 75 4935 
11 76 4800 
11 77 4755 
11 78 4710 
11 79 4665 
11 80 4485 
11 81 4440 
11 82 4395 
11 83 4215 
11 84 4125 
11 85 4080 
11 86 3990 
11 87 900 
12 13 1005 
12 14 3480 
12 15 3525 
12 16 3570 
12 17 3990 
12 18 3810 
12 19 3720 
12 20 3675 
12 21 3585 
12 22 3450 
12 23 3405 
12 24 3360 
12 25 3315 
12 26 3135 
12 27 3090 
12 28 3045 
12 29 2865 
12 30 2775 
12 31 2730 
12 32 2640 
12 54 1500 
12 55 2310 
12 56 2640 
12 68 330 
12 70 3855 
12 71 3900 
12 72 3660 
12 73 3390 
12 74 3345 
12 75 3255 
12 76 3120 
12 77 3075 
12 78 3030 
12 79 2985 
12 80 2805 
12 81 2760 
12 82 2715 
12 83 2535 
12 84 2445 
12 85 2400 
12 86 2310 
12 87 1500 
13 14 2475 
13 15 2520 
13 16 2565 
13 17 2985 
13 18 2805 
13 19 2715 
13 20 2670 
13 21 2580 
13 22 2445 
13 23 2400 
13 24 2355 
13 25 2310 
13 26 2130 
13 27 2085 
13 28 2040 
13 29 1860 
13 30 1770 
13 31 1725 
13 32 1635 
13 54 495 
13 55 1305 
13 56 1635 
13 70 2850 
13 71 2895 
13 72 2655 
13 73 2385 
13 74 2340 
13 75 2250 
13 76 2115 
13 77 2070 
13 78 2025 
13 79 1980 
13 80 1800 
13 81 1755 
13 82 1710 
13 83 1530 
13 84 1440 
13 85 1395 
13 86 1305 
13 87 495 
14 15 45 
14 16 90 
14 17 510 
14 18 330 
14 19 420 
14 20 465 
14 21 555 
14 22 690 
14 23 735 
14 24 780 
14 25 825 
14 26 1005 
14 27 1050 
14 28 1095 
14 29 1275 
14 30 1365 
14 31 1410 
14 32 1500 
14 56 1500 
14 70 375 
14 71 420 
14 72 180 
14 87 1500 
15 16 45 
15 17 465 
15 18 375 
15 19 465 
15 20 510 
15 21 600 
15 22 735 
15 23 780 
15 24 825 
15 25 870 
15 26 1050 
15 27 1095 
15 28 1140 
15 29 1320 
15 30 1410 
15 31 1455 
15 32 1545 
15 56 1545 
15 70 330 
15 71 375 
15 72 135 
15 87 1545 
16 17 420 
16 18 420 
16 19 510 
16 20 555 
16 21 645 
16 22 780 
16 23 825 
16 24 870 
16 25 915 
16 26 1095 
16 27 1140 
16 28 1185 
16 29 1365 
16 30 1455 
16 31 1500 
16 32 1590 
16 56 1590 
16 70 375 
16 71 330 
16 72 90 
16 87 1590 
17 18 180 
17 19 270 
17 20 315 
17 21 405 
17 22 540 
17 23 585 
17 24 630 
17 25 675 
17 26 855 
17 27 900 
17 28 945 
17 29 1125 
17 30 1215 
17 31 1260 
17 32 1350 
17 56 1350 
17 70 135 
17 71 90 
17 87 1350 
18 19 90 
18 20 135 
18 21 225 
18 22 360 
18 23 405 
18 24 450 
18 25 495 
18 26 675 
18 27 720 
18 28 765 
18 29 945 
18 30 1035 
18 31 1080 
18 32 1170 
18 56 1170 
18 87 1170 
19 20 45 
19 21 135 
19 22 270 
19 23 315 
19 24 360 
19 25 405 
19 26 585 
19 27 630 
19 28 675 
19 29 855 
19 30 945 
19 31 990 
19 32 1080 
19 56 1080 
19 87 1080 
20 21 90 
20 22 225 
20 23 270 
20 24 315 
20 25 360 
20 26 540 
20 27 585 
20 28 630 
20 29 810 
20 30 900 
20 31 945 
20 32 1035 
20 56 1035 
20 87 1035 
21 22 135 
21 23 180 
21 24 225 
21 25 270 
21 26 450 
21 27 495 
21 28 540 
21 29 720 
21 30 810 
21 31 855 
21 32 945 
21 56 945 
21 87 945 
22 23 45 
22 24 90 
22 25 135 
22 26 315 
22 27 360 
22 28 405 
22 29 585 
22 30 675 
22 31 720 
22 32 810 
22 56 810 
22 87 810 
23 24 45 
23 25 90 
23 26 270 
23 27 315 
23 28 360 
23 29 540 
23 30 630 
23 31 675 
23 32 765 
23 56 765 
23 87 765 
24 25 45 
24 26 225 
24 27 270 
24 28 315 
24 29 495 
24 30 585 
24 31 630 
24 32 720 
24 56 720 
24 87 720 
25 26 180 
25 27 225 
25 28 270 
25 29 450 
25 30 540 
25 31 585 
25 32 675 
25 56 675 
25 87 675 
26 27 45 
26 28 90 
26 29 270 
26 30 360 
26 31 405 
26 32 495 
26 56 495 
26 87 495 
27 28 45 
27 29 225 
27 30 315 
27 31 360 
27 32 450 
27 56 450 
27 87 450 
28 29 180 
28 30 270 
28 31 315 
28 32 405 
28 56 405 
28 87 405 
29 30 90 
29 31 135 
29 32 225 
29 56 225 
29 87 225 
30 31 45 
30 32 135 
30 56 135 
30 87 135 
31 32 90 
31 56 90 
31 87 90 
32 56 0 
32 87 0 
33 1 1875 
33 2 1830 
33 3 2820 
33 4 4105 
33 5 3880 
33 6 4700 
33 7 5570 
33 8 6340 
33 9 6745 
33 10 6925 
33 11 8330 
33 12 11450 
33 13 11105 
33 14 12590 
33 15 12635 
33 16 12680 
33 17 13100 
33 18 12920 
33 19 12830 
33 20 12785 
33 21 12695 
33 22 12560 
33 23 12515 
33 24 12470 
33 25 12425 
33 26 12245 
33 27 12200 
33 28 12155 
33 29 11975 
33 30 11885 
33 31 11840 
33 32 11750 
33 34 330 
33 35 1140 
33 36 1470 
33 37 2280 
33 38 2610 
33 39 3420 
33 40 3880 
33 41 4700 
33 42 5030 
33 43 5260 
33 44 5780 
33 45 5980 
33 46 6500 
33 47 6730 
33 48 7060 
33 49 7880 
33 50 8330 
33 51 9140 
33 52 9470 
33 53 10280 
33 54 10610 
33 55 11420 
33 56 11750 
33 57 1545 
33 58 1500 
33 59 3150 
33 60 3645 
33 61 3420 
33 62 5030 
33 63 5240 
33 64 6860 
33 65 7265 
33 66 7445 
33 67 8780 
33 68 11780 
33 69 10775 
33 70 12965 
33 71 13010 
33 72 12770 
33 73 12500 
33 74 12455 
33 75 12365 
33 76 12230 
33 77 12185 
33 78 12140 
33 79 12095 
33 80 11915 
33 81 11870 
33 82 11825 
33 83 11645 
33 84 11555 
33 85 11510 
33 86 11420 
33 87 330 
34 1 1545 
34 2 1500 
34 3 2490 
34 4 3775 
34 5 3550 
34 6 4370 
34 7 5240 
34 8 6010 
34 9 6415 
34 10 6595 
34 11 8000 
34 12 11120 
34 13 10775 
34 14 12260 
34 15 12305 
34 16 12350 
34 17 12770 
34 18 12590 
34 19 12500 
34 20 12455 
34 21 12365 
34 22 12230 
34 23 12185 
34 24 12140 
34 25 12095 
34 26 11915 
34 27 11870 
34 28 11825 
34 29 11645 
34 30 11555 
34 31 11510 
34 32 11420 
34 35 810 
34 36 1140 
34 37 1950 
34 38 2280 
34 39 3090 
34 40 3550 
34 41 4370 
34 42 4700 
34 43 4930 
34 44 5450 
34 45 5650 
34 46 6170 
34 47 6400 
34 48 6730 
34 49 7550 
34 50 8000 
34 51 8810 
34 52 9140 
34 53 9950 
34 54 10280 
34 55 11090 
34 56 11420 
34 57 1215 
34 58 1170 
34 59 2820 
34 60 3315 
34 61 3090 
34 62 4700 
34 63 4910 
34 64 6530 
34 65 6935 
34 66 7115 
34 67 8450 
34 68 11450 
34 69 10445 
34 70 12635 
34 71 12680 
34 72 12440 
34 73 12170 
34 74 12125 
34 75 12035 
34 76 11900 
34 77 11855 
34 78 11810 
34 79 11765 
34 80 11585 
34 81 11540 
34 82 11495 
34 83 11315 
34 84 11225 
34 85 11180 
34 86 11090 
34 87 0 
35 1 735 
35 2 690 
35 3 1680 
35 4 2965 
35 5 2740 
35 6 3560 
35 7 4430 
35 8 5200 
35 9 5605 
35 10 5785 
35 11 7190 
35 12 10310 
35 13 9965 
35 14 11450 
35 15 11495 
35 16 11540 
35 17 11960 
35 18 11780 
35 19 11690 
35 20 11645 
35 21 11555 
35 22 11420 
35 23 11375 
35 24 11330 
35 25 11285 
35 26 11105 
35 27 11060 
35 28 11015 
35 29 10835 
35 30 10745 
35 31 10700 
35 32 10610 
35 36 330 
35 37 1140 
35 38 1470 
35 39 2280 
35 40 2740 
35 41 3560 
35 42 3890 
35 43 4120 
35 44 4640 
35 45 4840 
35 46 5360 
35 47 5590 
35 48 5920 
35 49 6740 
35 50 7190 
35 51 8000 
35 52 8330 
35 53 9140 
35 54 9470 
35 55 10280 
35 56 10610 
35 57 405 
35 58 360 
35 59 2010 
35 60 2505 
35 61 2280 
35 62 3890 
35 63 4100 
35 64 5720 
35 65 6125 
35 66 6305 
35 67 7640 
35 68 10640 
35 69 9635 
35 70 11825 
35 71 11870 
35 72 11630 
35 73 11360 
35 74 11315 
35 75 11225 
35 76 11090 
35 77 11045 
35 78 11000 
35 79 10955 
35 80 10775 
35 81 10730 
35 82 10685 
35 83 10505 
35 84 10415 
35 85 10370 
35 86 10280 
35 87 330 
36 3 1350 
36 4 2635 
36 5 2410 
36 6 3230 
36 7 4100 
36 8 4870 
36 9 5275 
36 10 5455 
36 11 6860 
36 12 9980 
36 13 9635 
36 14 11120 
36 15 11165 
36 16 11210 
36 17 11630 
36 18 11450 
36 19 11360 
36 20 11315 
36 21 11225 
36 22 11090 
36 23 11045 
36 24 11000 
36 25 10955 
36 26 10775 
36 27 10730 
36 28 10685 
36 29 10505 
36 30 10415 
36 31 10370 
36 32 10280 
36 37 810 
36 38 1140 
36 39 1950 
36 40 2410 
36 41 3230 
36 42 3560 
36 43 3790 
36 44 4310 
36 45 4510 
36 46 5030 
36 47 5260 
36 48 5590 
36 49 6410 
36 50 6860 
36 51 7670 
36 52 8000 
36 53 8810 
36 54 9140 
36 55 9950 
36 56 10280 
36 59 1680 
36 60 2175 
36 61 1950 
36 62 3560 
36 63 3770 
36 64 5390 
36 65 5795 
36 66 5975 
36 67 7310 
36 68 10310 
36 69 9305 
36 70 11495 
36 71 11540 
36 72 11300 
36 73 11030 
36 74 10985 
36 75 10895 
36 76 10760 
36 77 10715 
36 78 10670 
36 79 10625 
36 80 10445 
36 81 10400 
36 82 10355 
36 83 10175 
36 84 10085 
36 85 10040 
36 86 9950 
36 87 0 
37 3 540 
37 4 1825 
37 5 1600 
37 6 2420 
37 7 3290 
37 8 4060 
37 9 4465 
37 10 4645 
37 11 6050 
37 12 9170 
37 13 8825 
37 14 10310 
37 15 10355 
37 16 10400 
37 17 10820 
37 18 10640 
37 19 10550 
37 20 10505 
37 21 10415 
37 22 10280 
37 23 10235 
37 24 10190 
37 25 10145 
37 26 9965 
37 27 9920 
37 28 9875 
37 29 9695 
37 30 9605 
37 31 9560 
37 32 9470 
37 38 330 
37 39 1140 
37 40 1600 
37 41 2420 
37 42 2750 
37 43 2980 
37 44 3500 
37 45 3700 
37 46 4220 
37 47 4450 
37 48 4780 
37 49 5600 
37 50 6050 
37 51 6860 
37 52 7190 
37 53 8000 
37 54 8330 
37 55 9140 
37 56 9470 
37 59 870 
37 60 1365 
37 61 1140 
37 62 2750 
37 63 2960 
37 64 4580 
37 65 4985 
37 66 5165 
37 67 6500 
37 68 9500 
37 69 8495 
37 70 10685 
37 71 10730 
37 72 10490 
37 73 10220 
37 74 10175 
37 75 10085 
37 76 9950 
37 77 9905 
37 78 9860 
37 79 9815 
37 80 9635 
37 81 9590 
37 82 9545 
37 83 9365 
37 84 9275 
37 85 9230 
37 86 9140 
37 87 330 
38 4 1495 
38 5 1270 
38 6 2090 
38 7 2960 
38 8 3730 
38 9 4135 
38 10 4315 
38 11 5720 
38 12 8840 
38 13 8495 
38 14 9980 
38 15 10025 
38 16 10070 
38 17 10490 
38 18 10310 
38 19 10220 
38 20 10175 
38 21 10085 
38 22 9950 
38 23 9905 
38 24 9860 
38 25 9815 
38 26 9635 
38 27 9590 
38 28 9545 
38 29 9365 
38 30 9275 
38 31 9230 
38 32 9140 
38 39 810 
38 40 1270 
38 41 2090 
38 42 2420 
38 43 2650 
38 44 3170 
38 45 3370 
38 46 3890 
38 47 4120 
38 48 4450 
38 49 5270 
38 50 5720 
38 51 6530 
38 52 6860 
38 53 7670 
38 54 8000 
38 55 8810 
38 56 9140 
38 60 1035 
38 61 810 
38 62 2420 
38 63 2630 
38 64 4250 
38 65 4655 
38 66 4835 
38 67 6170 
38 68 9170 
38 69 8165 
38 70 10355 
38 71 10400 
38 72 10160 
38 73 9890 
38 74 9845 
38 75 9755 
38 76 9620 
38 77 9575 
38 78 9530 
38 79 9485 
38 80 9305 
38 81 9260 
38 82 9215 
38 83 9035 
38 84 8945 
38 85 8900 
38 86 8810 
38 87 0 
39 4 685 
39 5 460 
39 6 1280 
39 7 2150 
39 8 2920 
39 9 3325 
39 10 3505 
39 11 4910 
39 12 8030 
39 13 7685 
39 14 9170 
39 15 9215 
39 16 9260 
39 17 9680 
39 18 9500 
39 19 9410 
39 20 9365 
39 21 9275 
39 22 9140 
39 23 9095 
39 24 9050 
39 25 9005 
39 26 8825 
39 27 8780 
39 28 8735 
39 29 8555 
39 30 8465 
39 31 8420 
39 32 8330 
39 40 460 
39 41 1280 
39 42 1610 
39 43 1840 
39 44 2360 
39 45 2560 
39 46 3080 
39 47 3310 
39 48 3640 
39 49 4460 
39 50 4910 
39 51 5720 
39 52 6050 
39 53 6860 
39 54 7190 
39 55 8000 
39 56 8330 
39 60 225 
39 61 0 
39 62 1610 
39 63 1820 
39 64 3440 
39 65 3845 
39 66 4025 
39 67 5360 
39 68 8360 
39 69 7355 
39 70 9545 
39 71 9590 
39 72 9350 
39 73 9080 
39 74 9035 
39 75 8945 
39 76 8810 
39 77 8765 
39 78 8720 
39 79 8675 
39 80 8495 
39 81 8450 
39 82 8405 
39 83 8225 
39 84 8135 
39 85 8090 
39 86 8000 
39 87 460 
40 6 820 
40 7 1690 
40 8 2460 
40 9 2865 
40 10 3045 
40 11 4450 
40 12 7570 
40 13 7225 
40 14 8710 
40 15 8755 
40 16 8800 
40 17 9220 
40 18 9040 
40 19 8950 
40 20 8905 
40 21 8815 
40 22 8680 
40 23 8635 
40 24 8590 
40 25 8545 
40 26 8365 
40 27 8320 
40 28 8275 
40 29 8095 
40 30 8005 
40 31 7960 
40 32 7870 
40 41 820 
40 42 1150 
40 43 1380 
40 44 1900 
40 45 2100 
40 46 2620 
40 47 2850 
40 48 3180 
40 49 4000 
40 50 4450 
40 51 5260 
40 52 5590 
40 53 6400 
40 54 6730 
40 55 7540 
40 56 7870 
40 62 1150 
40 63 1360 
40 64 2980 
40 65 3385 
40 66 3565 
40 67 4900 
40 68 7900 
40 69 6895 
40 70 9085 
40 71 9130 
40 72 8890 
40 73 8620 
40 74 8575 
40 75 8485 
40 76 8350 
40 77 8305 
40 78 8260 
40 79 8215 
40 80 8035 
40 81 7990 
40 82 7945 
40 83 7765 
40 84 7675 
40 85 7630 
40 86 7540 
40 87 0 
41 6 0 
41 7 870 
41 8 1640 
41 9 2045 
41 10 2225 
41 11 3630 
41 12 6750 
41 13 6405 
41 14 7890 
41 15 7935 
41 16 7980 
41 17 8400 
41 18 8220 
41 19 8130 
41 20 8085 
41 21 7995 
41 22 7860 
41 23 7815 
41 24 7770 
41 25 7725 
41 26 7545 
41 27 7500 
41 28 7455 
41 29 7275 
41 30 7185 
41 31 7140 
41 32 7050 
41 42 330 
41 43 560 
41 44 1080 
41 45 1280 
41 46 1800 
41 47 2030 
41 48 2360 
41 49 3180 
41 50 3630 
41 51 4440 
41 52 4770 
41 53 5580 
41 54 5910 
41 55 6720 
41 56 7050 
41 62 330 
41 63 540 
41 64 2160 
41 65 2565 
41 66 2745 
41 67 4080 
41 68 7080 
41 69 6075 
41 70 8265 
41 71 8310 
41 72 8070 
41 73 7800 
41 74 7755 
41 75 7665 
41 76 7530 
41 77 7485 
41 78 7440 
41 79 7395 
41 80 7215 
41 81 7170 
41 82 7125 
41 83 6945 
41 84 6855 
41 85 6810 
41 86 6720 
41 87 330 
42 8 1310 
42 9 1715 
42 10 1895 
42 11 3300 
42 12 6420 
42 13 6075 
42 14 7560 
42 15 7605 
42 16 7650 
42 17 8070 
42 18 7890 
42 19 7800 
42 20 7755 
42 21 7665 
42 22 7530 
42 23 7485 
42 24 7440 
42 25 7395 
42 26 7215 
42 27 7170 
42 28 7125 
42 29 6945 
42 30 6855 
42 31 6810 
42 32 6720 
42 43 230 
42 44 750 
42 45 950 
42 46 1470 
42 47 1700 
42 48 2030 
42 49 2850 
42 50 3300 
42 51 4110 
42 52 4440 
42 53 5250 
42 54 5580 
42 55 6390 
42 56 6720 
42 64 1830 
42 65 2235 
42 66 2415 
42 67 3750 
42 68 6750 
42 69 5745 
42 70 7935 
42 71 7980 
42 72 7740 
42 73 7470 
42 74 7425 
42 75 7335 
42 76 7200 
42 77 7155 
42 78 7110 
42 79 7065 
42 80 6885 
42 81 6840 
42 82 6795 
42 83 6615 
42 84 6525 
42 85 6480 
42 86 6390 
42 87 0 
43 8 1080 
43 9 1485 
43 10 1665 
43 11 3070 
43 12 6190 
43 13 5845 
43 14 7330 
43 15 7375 
43 16 7420 
43 17 7840 
43 18 7660 
43 19 7570 
43 20 7525 
43 21 7435 
43 22 7300 
43 23 7255 
43 24 7210 
43 25 7165 
43 26 6985 
43 27 6940 
43 28 6895 
43 29 6715 
43 30 6625 
43 31 6580 
43 32 6490 
43 44 520 
43 45 720 
43 46 1240 
43 47 1470 
43 48 1800 
43 49 2620 
43 50 3070 
43 51 3880 
43 52 4210 
43 53 5020 
43 54 5350 
43 55 6160 
43 56 6490 
43 64 1600 
43 65 2005 
43 66 2185 
43 67 3520 
43 68 6520 
43 69 5515 
43 70 7705 
43 71 7750 
43 72 7510 
43 73 7240 
43 74 7195 
43 75 7105 
43 76 6970 
43 77 6925 
43 78 6880 
43 79 6835 
43 80 6655 
43 81 6610 
43 82 6565 
43 83 6385 
43 84 6295 
43 85 6250 
43 86 6160 
43 87 520 
44 8 560 
44 9 965 
44 10 1145 
44 11 2550 
44 12 5670 
44 13 5325 
44 14 6810 
44 15 6855 
44 16 6900 
44 17 7320 
44 18 7140 
44 19 7050 
44 20 7005 
44 21 6915 
44 22 6780 
44 23 6735 
44 24 6690 
44 25 6645 
44 26 6465 
44 27 6420 
44 28 6375 
44 29 6195 
44 30 6105 
44 31 6060 
44 32 5970 
44 45 200 
44 46 720 
44 47 950 
44 48 1280 
44 49 2100 
44 50 2550 
44 51 3360 
44 52 3690 
44 53 4500 
44 54 4830 
44 55 5640 
44 56 5970 
44 64 1080 
44 65 1485 
44 66 1665 
44 67 3000 
44 68 6000 
44 69 4995 
44 70 7185 
44 71 7230 
44 72 6990 
44 73 6720 
44 74 6675 
44 75 6585 
44 76 6450 
44 77 6405 
44 78 6360 
44 79 6315 
44 80 6135 
44 81 6090 
44 82 6045 
44 83 5865 
44 84 5775 
44 85 5730 
44 86 5640 
44 87 0 
45 8 360 
45 9 765 
45 10 945 
45 11 2350 
45 12 5470 
45 13 5125 
45 14 6610 
45 15 6655 
45 16 6700 
45 17 7120 
45 18 6940 
45 19 6850 
45 20 6805 
45 21 6715 
45 22 6580 
45 23 6535 
45 24 6490 
45 25 6445 
45 26 6265 
45 27 6220 
45 28 6175 
45 29 5995 
45 30 5905 
45 31 5860 
45 32 5770 
45 46 520 
45 47 750 
45 48 1080 
45 49 1900 
45 50 2350 
45 51 3160 
45 52 3490 
45 53 4300 
45 54 4630 
45 55 5440 
45 56 5770 
45 64 880 
45 65 1285 
45 66 1465 
45 67 2800 
45 68 5800 
45 69 4795 
45 70 6985 
45 71 7030 
45 72 6790 
45 73 6520 
45 74 6475 
45 75 6385 
45 76 6250 
45 77 6205 
45 78 6160 
45 79 6115 
45 80 5935 
45 81 5890 
45 82 5845 
45 83 5665 
45 84 5575 
45 85 5530 
45 86 5440 
45 87 520 
46 11 1830 
46 12 4950 
46 13 4605 
46 14 6090 
46 15 6135 
46 16 6180 
46 17 6600 
46 18 6420 
46 19 6330 
46 20 6285 
46 21 6195 
46 22 6060 
46 23 6015 
46 24 5970 
46 25 5925 
46 26 5745 
46 27 5700 
46 28 5655 
46 29 5475 
46 30 5385 
46 31 5340 
46 32 5250 
46 47 230 
46 48 560 
46 49 1380 
46 50 1830 
46 51 2640 
46 52 2970 
46 53 3780 
46 54 4110 
46 55 4920 
46 56 5250 
46 67 2280 
46 68 5280 
46 69 4275 
46 70 6465 
46 71 6510 
46 72 6270 
46 73 6000 
46 74 5955 
46 75 5865 
46 76 5730 
46 77 5685 
46 78 5640 
46 79 5595 
46 80 5415 
46 81 5370 
46 82 5325 
46 83 5145 
46 84 5055 
46 85 5010 
46 86 4920 
46 87 0 
47 11 1600 
47 12 4720 
47 13 4375 
47 14 5860 
47 15 5905 
47 16 5950 
47 17 6370 
47 18 6190 
47 19 6100 
47 20 6055 
47 21 5965 
47 22 5830 
47 23 5785 
47 24 5740 
47 25 5695 
47 26 5515 
47 27 5470 
47 28 5425 
47 29 5245 
47 30 5155 
47 31 5110 
47 32 5020 
47 48 330 
47 49 1150 
47 50 1600 
47 51 2410 
47 52 2740 
47 53 3550 
47 54 3880 
47 55 4690 
47 56 5020 
47 67 2050 
47 68 5050 
47 69 4045 
47 70 6235 
47 71 6280 
47 72 6040 
47 73 5770 
47 74 5725 
47 75 5635 
47 76 5500 
47 77 5455 
47 78 5410 
47 79 5365 
47 80 5185 
47 81 5140 
47 82 5095 
47 83 4915 
47 84 4825 
47 85 4780 
47 86 4690 
47 87 330 
48 11 1270 
48 12 4390 
48 13 4045 
48 14 5530 
48 15 5575 
48 16 5620 
48 17 6040 
48 18 5860 
48 19 5770 
48 20 5725 
48 21 5635 
48 22 5500 
48 23 5455 
48 24 5410 
48 25 5365 
48 26 5185 
48 27 5140 
48 28 5095 
48 29 4915 
48 30 4825 
48 31 4780 
48 32 4690 
48 49 820 
48 50 1270 
48 51 2080 
48 52 2410 
48 53 3220 
48 54 3550 
48 55 4360 
48 56 4690 
48 67 1720 
48 68 4720 
48 69 3715 
48 70 5905 
48 71 5950 
48 72 5710 
48 73 5440 
48 74 5395 
48 75 5305 
48 76 5170 
48 77 5125 
48 78 5080 
48 79 5035 
48 80 4855 
48 81 4810 
48 82 4765 
48 83 4585 
48 84 4495 
48 85 4450 
48 86 4360 
48 87 0 
49 11 450 
49 12 3570 
49 13 3225 
49 14 4710 
49 15 4755 
49 16 4800 
49 17 5220 
49 18 5040 
49 19 4950 
49 20 4905 
49 21 4815 
49 22 4680 
49 23 4635 
49 24 4590 
49 25 4545 
49 26 4365 
49 27 4320 
49 28 4275 
49 29 4095 
49 30 4005 
49 31 3960 
49 32 3870 
49 50 450 
49 51 1260 
49 52 1590 
49 53 2400 
49 54 2730 
49 55 3540 
49 56 3870 
49 67 900 
49 68 3900 
49 69 2895 
49 70 5085 
49 71 5130 
49 72 4890 
49 73 4620 
49 74 4575 
49 75 4485 
49 76 4350 
49 77 4305 
49 78 4260 
49 79 4215 
49 80 4035 
49 81 3990 
49 82 3945 
49 83 3765 
49 84 3675 
49 85 3630 
49 86 3540 
49 87 450 
50 12 3120 
50 13 2775 
50 14 4260 
50 15 4305 
50 16 4350 
50 17 4770 
50 18 4590 
50 19 4500 
50 20 4455 
50 21 4365 
50 22 4230 
50 23 4185 
50 24 4140 
50 25 4095 
50 26 3915 
50 27 3870 
50 28 3825 
50 29 3645 
50 30 3555 
50 31 3510 
50 32 3420 
50 51 810 
50 52 1140 
50 53 1950 
50 54 2280 
50 55 3090 
50 56 3420 
50 68 3450 
50 69 2445 
50 70 4635 
50 71 4680 
50 72 4440 
50 73 4170 
50 74 4125 
50 75 4035 
50 76 3900 
50 77 3855 
50 78 3810 
50 79 3765 
50 80 3585 
50 81 3540 
50 82 3495 
50 83 3315 
50 84 3225 
50 85 3180 
50 86 3090 
50 87 0 
51 12 2310 
51 13 1965 
51 14 3450 
51 15 3495 
51 16 3540 
51 17 3960 
51 18 3780 
51 19 3690 
51 20 3645 
51 21 3555 
51 22 3420 
51 23 3375 
51 24 3330 
51 25 3285 
51 26 3105 
51 27 3060 
51 28 3015 
51 29 2835 
51 30 2745 
51 31 2700 
51 32 2610 
51 52 330 
51 53 1140 
51 54 1470 
51 55 2280 
51 56 2610 
51 68 2640 
51 69 1635 
51 70 3825 
51 71 3870 
51 72 3630 
51 73 3360 
51 74 3315 
51 75 3225 
51 76 3090 
51 77 3045 
51 78 3000 
51 79 2955 
51 80 2775 
51 81 2730 
51 82 2685 
51 83 2505 
51 84 2415 
51 85 2370 
51 86 2280 
51 87 330 
52 12 1980 
52 13 1635 
52 14 3120 
52 15 3165 
52 16 3210 
52 17 3630 
52 18 3450 
52 19 3360 
52 20 3315 
52 21 3225 
52 22 3090 
52 23 3045 
52 24 3000 
52 25 2955 
52 26 2775 
52 27 2730 
52 28 2685 
52 29 2505 
52 30 2415 
52 31 2370 
52 32 2280 
52 53 810 
52 54 1140 
52 55 1950 
52 56 2280 
52 68 2310 
52 69 1305 
52 70 3495 
52 71 3540 
52 72 3300 
52 73 3030 
52 74 2985 
52 75 2895 
52 76 2760 
52 77 2715 
52 78 2670 
52 79 2625 
52 80 2445 
52 81 2400 
52 82 2355 
52 83 2175 
52 84 2085 
52 85 2040 
52 86 1950 
52 87 0 
53 12 1170 
53 13 825 
53 14 2310 
53 15 2355 
53 16 2400 
53 17 2820 
53 18 2640 
53 19 2550 
53 20 2505 
53 21 2415 
53 22 2280 
53 23 2235 
53 24 2190 
53 25 2145 
53 26 1965 
53 27 1920 
53 28 1875 
53 29 1695 
53 30 1605 
53 31 1560 
53 32 1470 
53 54 330 
53 55 1140 
53 56 1470 
53 68 1500 
53 69 495 
53 70 2685 
53 71 2730 
53 72 2490 
53 73 2220 
53 74 2175 
53 75 2085 
53 76 1950 
53 77 1905 
53 78 1860 
53 79 1815 
53 80 1635 
53 81 1590 
53 82 1545 
53 83 1365 
53 84 1275 
53 85 1230 
53 86 1140 
53 87 330 
54 14 1980 
54 15 2025 
54 16 2070 
54 17 2490 
54 18 2310 
54 19 2220 
54 20 2175 
54 21 2085 
54 22 1950 
54 23 1905 
54 24 1860 
54 25 1815 
54 26 1635 
54 27 1590 
54 28 1545 
54 29 1365 
54 30 1275 
54 31 1230 
54 32 1140 
54 55 810 
54 56 1140 
54 70 2355 
54 71 2400 
54 72 2160 
54 73 1890 
54 74 1845 
54 75 1755 
54 76 1620 
54 77 1575 
54 78 1530 
54 79 1485 
54 80 1305 
54 81 1260 
54 82 1215 
54 83 1035 
54 84 945 
54 85 900 
54 86 810 
54 87 0 
55 14 1170 
55 15 1215 
55 16 1260 
55 17 1680 
55 18 1500 
55 19 1410 
55 20 1365 
55 21 1275 
55 22 1140 
55 23 1095 
55 24 1050 
55 25 1005 
55 26 825 
55 27 780 
55 28 735 
55 29 555 
55 30 465 
55 31 420 
55 32 330 
55 56 330 
55 70 1545 
55 71 1590 
55 72 1350 
55 73 1080 
55 74 1035 
55 75 945 
55 76 810 
55 77 765 
55 78 720 
55 79 675 
55 80 495 
55 81 450 
55 82 405 
55 83 225 
55 84 135 
55 85 90 
55 86 0 
55 87 330 
56 87 0 
57 1 330 
57 2 375 
57 3 2085 
57 4 3370 
57 5 3145 
57 6 3965 
57 7 4835 
57 8 5605 
57 9 6010 
57 10 6190 
57 11 7595 
57 12 10715 
57 13 10370 
57 14 11855 
57 15 11900 
57 16 11945 
57 17 12365 
57 18 12185 
57 19 12095 
57 20 12050 
57 21 11960 
57 22 11825 
57 23 11780 
57 24 11735 
57 25 11690 
57 26 11510 
57 27 11465 
57 28 11420 
57 29 11240 
57 30 11150 
57 31 11105 
57 32 11015 
57 36 735 
57 37 1545 
57 38 1875 
57 39 2685 
57 40 3145 
57 41 3965 
57 42 4295 
57 43 4525 
57 44 5045 
57 45 5245 
57 46 5765 
57 47 5995 
57 48 6325 
57 49 7145 
57 50 7595 
57 51 8405 
57 52 8735 
57 53 9545 
57 54 9875 
57 55 10685 
57 56 11015 
57 59 2415 
57 60 2910 
57 61 2685 
57 62 4295 
57 63 4505 
57 64 6125 
57 65 6530 
57 66 6710 
57 67 8045 
57 68 11045 
57 69 10040 
57 70 12230 
57 71 12275 
57 72 12035 
57 73 11765 
57 74 11720 
57 75 11630 
57 76 11495 
57 77 11450 
57 78 11405 
57 79 11360 
57 80 11180 
57 81 11135 
57 82 11090 
57 83 10910 
57 84 10820 
57 85 10775 
57 86 10685 
57 87 735 
58 1 375 
58 2 330 
58 3 2040 
58 4 3325 
58 5 3100 
58 6 3920 
58 7 4790 
58 8 5560 
58 9 5965 
58 10 6145 
58 11 7550 
58 12 10670 
58 13 10325 
58 14 11810 
58 15 11855 
58 16 11900 
58 17 12320 
58 18 12140 
58 19 12050 
58 20 12005 
58 21 11915 
58 22 11780 
58 23 11735 
58 24 11690 
58 25 11645 
58 26 11465 
58 27 11420 
58 28 11375 
58 29 11195 
58 30 11105 
58 31 11060 
58 32 10970 
58 36 690 
58 37 1500 
58 38 1830 
58 39 2640 
58 40 3100 
58 41 3920 
58 42 4250 
58 43 4480 
58 44 5000 
58 45 5200 
58 46 5720 
58 47 5950 
58 48 6280 
58 49 7100 
58 50 7550 
58 51 8360 
58 52 8690 
58 53 9500 
58 54 9830 
58 55 10640 
58 56 10970 
58 57 45 
58 59 2370 
58 60 2865 
58 61 2640 
58 62 4250 
58 63 4460 
58 64 6080 
58 65 6485 
58 66 6665 
58 67 8000 
58 68 11000 
58 69 9995 
58 70 12185 
58 71 12230 
58 72 11990 
58 73 11720 
58 74 11675 
58 75 11585 
58 76 11450 
58 77 11405 
58 78 11360 
58 79 11315 
58 80 11135 
58 81 11090 
58 82 11045 
58 83 10865 
58 84 10775 
58 85 10730 
58 86 10640 
58 87 690 
59 4 2035 
59 5 1810 
59 6 2630 
59 7 3500 
59 8 4270 
59 9 4675 
59 10 4855 
59 11 6260 
59 12 9380 
59 13 9035 
59 14 10520 
59 15 10565 
59 16 10610 
59 17 11030 
59 18 10850 
59 19 10760 
59 20 10715 
59 21 10625 
59 22 10490 
59 23 10445 
59 24 10400 
59 25 10355 
59 26 10175 
59 27 10130 
59 28 10085 
59 29 9905 
59 30 9815 
59 31 9770 
59 32 9680 
59 38 540 
59 39 1350 
59 40 1810 
59 41 2630 
59 42 2960 
59 43 3190 
59 44 3710 
59 45 3910 
59 46 4430 
59 47 4660 
59 48 4990 
59 49 5810 
59 50 6260 
59 51 7070 
59 52 7400 
59 53 8210 
59 54 8540 
59 55 9350 
59 56 9680 
59 60 1575 
59 61 1350 
59 62 2960 
59 63 3170 
59 64 4790 
59 65 5195 
59 66 5375 
59 67 6710 
59 68 9710 
59 69 8705 
59 70 10895 
59 71 10940 
59 72 10700 
59 73 10430 
59 74 10385 
59 75 10295 
59 76 10160 
59 77 10115 
59 78 10070 
59 79 10025 
59 80 9845 
59 81 9800 
59 82 9755 
59 83 9575 
59 84 9485 
59 85 9440 
59 86 9350 
59 87 540 
60 4 460 
60 5 685 
60 6 1505 
60 7 2375 
60 8 3145 
60 9 3550 
60 10 3730 
60 11 5135 
60 12 8255 
60 13 7910 
60 14 9395 
60 15 9440 
60 16 9485 
60 17 9905 
60 18 9725 
60 19 9635 
60 20 9590 
60 21 9500 
60 22 9365 
60 23 9320 
60 24 9275 
60 25 9230 
60 26 9050 
60 27 9005 
60 28 8960 
60 29 8780 
60 30 8690 
60 31 8645 
60 32 8555 
60 40 685 
60 41 1505 
60 42 1835 
60 43 2065 
60 44 2585 
60 45 2785 
60 46 3305 
60 47 3535 
60 48 3865 
60 49 4685 
60 50 5135 
60 51 5945 
60 52 6275 
60 53 7085 
60 54 7415 
60 55 8225 
60 56 8555 
60 62 1835 
60 63 2045 
60 64 3665 
60 65 4070 
60 66 4250 
60 67 5585 
60 68 8585 
60 69 7580 
60 70 9770 
60 71 9815 
60 72 9575 
60 73 9305 
60 74 9260 
60 75 9170 
60 76 9035 
60 77 8990 
60 78 8945 
60 79 8900 
60 80 8720 
60 81 8675 
60 82 8630 
60 83 8450 
60 84 8360 
60 85 8315 
60 86 8225 
60 87 685 
61 4 685 
61 5 460 
61 6 1280 
61 7 2150 
61 8 2920 
61 9 3325 
61 10 3505 
61 11 4910 
61 12 8030 
61 13 7685 
61 14 9170 
61 15 9215 
61 16 9260 
61 17 9680 
61 18 9500 
61 19 9410 
61 20 9365 
61 21 9275 
61 22 9140 
61 23 9095 
61 24 9050 
61 25 9005 
61 26 8825 
61 27 8780 
61 28 8735 
61 29 8555 
61 30 8465 
61 31 8420 
61 32 8330 
61 40 460 
61 41 1280 
61 42 1610 
61 43 1840 
61 44 2360 
61 45 2560 
61 46 3080 
61 47 3310 
61 48 3640 
61 49 4460 
61 50 4910 
61 51 5720 
61 52 6050 
61 53 6860 
61 54 7190 
61 55 8000 
61 56 8330 
61 60 225 
61 62 1610 
61 63 1820 
61 64 3440 
61 65 3845 
61 66 4025 
61 67 5360 
61 68 8360 
61 69 7355 
61 70 9545 
61 71 9590 
61 72 9350 
61 73 9080 
61 74 9035 
61 75 8945 
61 76 8810 
61 77 8765 
61 78 8720 
61 79 8675 
61 80 8495 
61 81 8450 
61 82 8405 
61 83 8225 
61 84 8135 
61 85 8090 
61 86 8000 
61 87 460 
62 8 1310 
62 9 1715 
62 10 1895 
62 11 3300 
62 12 6420 
62 13 6075 
62 14 7560 
62 15 7605 
62 16 7650 
62 17 8070 
62 18 7890 
62 19 7800 
62 20 7755 
62 21 7665 
62 22 7530 
62 23 7485 
62 24 7440 
62 25 7395 
62 26 7215 
62 27 7170 
62 28 7125 
62 29 6945 
62 30 6855 
62 31 6810 
62 32 6720 
62 42 0 
62 43 230 
62 44 750 
62 45 950 
62 46 1470 
62 47 1700 
62 48 2030 
62 49 2850 
62 50 3300 
62 51 4110 
62 52 4440 
62 53 5250 
62 54 5580 
62 55 6390 
62 56 6720 
62 64 1830 
62 65 2235 
62 66 2415 
62 67 3750 
62 68 6750 
62 69 5745 
62 70 7935 
62 71 7980 
62 72 7740 
62 73 7470 
62 74 7425 
62 75 7335 
62 76 7200 
62 77 7155 
62 78 7110 
62 79 7065 
62 80 6885 
62 81 6840 
62 82 6795 
62 83 6615 
62 84 6525 
62 85 6480 
62 86 6390 
62 87 0 
63 7 330 
63 8 2180 
63 9 2585 
63 10 2765 
63 11 4170 
63 12 7290 
63 13 6945 
63 14 8430 
63 15 8475 
63 16 8520 
63 17 8940 
63 18 8760 
63 19 8670 
63 20 8625 
63 21 8535 
63 22 8400 
63 23 8355 
63 24 8310 
63 25 8265 
63 26 8085 
63 27 8040 
63 28 7995 
63 29 7815 
63 30 7725 
63 31 7680 
63 32 7590 
63 42 870 
63 43 1100 
63 44 1620 
63 45 1820 
63 46 2340 
63 47 2570 
63 48 2900 
63 49 3720 
63 50 4170 
63 51 4980 
63 52 5310 
63 53 6120 
63 54 6450 
63 55 7260 
63 56 7590 
63 62 870 
63 64 2700 
63 65 3105 
63 66 3285 
63 67 4620 
63 68 7620 
63 69 6615 
63 70 8805 
63 71 8850 
63 72 8610 
63 73 8340 
63 74 8295 
63 75 8205 
63 76 8070 
63 77 8025 
63 78 7980 
63 79 7935 
63 80 7755 
63 81 7710 
63 82 7665 
63 83 7485 
63 84 7395 
63 85 7350 
63 86 7260 
63 87 870 
64 11 2190 
64 12 5310 
64 13 4965 
64 14 6450 
64 15 6495 
64 16 6540 
64 17 6960 
64 18 6780 
64 19 6690 
64 20 6645 
64 21 6555 
64 22 6420 
64 23 6375 
64 24 6330 
64 25 6285 
64 26 6105 
64 27 6060 
64 28 6015 
64 29 5835 
64 30 5745 
64 31 5700 
64 32 5610 
64 46 360 
64 47 590 
64 48 920 
64 49 1740 
64 50 2190 
64 51 3000 
64 52 3330 
64 53 4140 
64 54 4470 
64 55 5280 
64 56 5610 
64 67 2640 
64 68 5640 
64 69 4635 
64 70 6825 
64 71 6870 
64 72 6630 
64 73 6360 
64 74 6315 
64 75 6225 
64 76 6090 
64 77 6045 
64 78 6000 
64 79 5955 
64 80 5775 
64 81 5730 
64 82 5685 
64 83 5505 
64 84 5415 
64 85 5370 
64 86 5280 
64 87 360 
65 11 2595 
65 12 5715 
65 13 5370 
65 14 6855 
65 15 6900 
65 16 6945 
65 17 7365 
65 18 7185 
65 19 7095 
65 20 7050 
65 21 6960 
65 22 6825 
65 23 6780 
65 24 6735 
65 25 6690 
65 26 6510 
65 27 6465 
65 28 6420 
65 29 6240 
65 30 6150 
65 31 6105 
65 32 6015 
65 46 765 
65 47 995 
65 48 1325 
65 49 2145 
65 50 2595 
65 51 3405 
65 52 3735 
65 53 4545 
65 54 4875 
65 55 5685 
65 56 6015 
65 64 405 
65 67 3045 
65 68 6045 
65 69 5040 
65 70 7230 
65 71 7275 
65 72 7035 
65 73 6765 
65 74 6720 
65 75 6630 
65 76 6495 
65 77 6450 
65 78 6405 
65 79 6360 
65 80 6180 
65 81 6135 
65 82 6090 
65 83 5910 
65 84 5820 
65 85 5775 
65 86 5685 
65 87 765 
66 11 2775 
66 12 5895 
66 13 5550 
66 14 7035 
66 15 7080 
66 16 7125 
66 17 7545 
66 18 7365 
66 19 7275 
66 20 7230 
66 21 7140 
66 22 7005 
66 23 6960 
66 24 6915 
66 25 6870 
66 26 6690 
66 27 6645 
66 28 6600 
66 29 6420 
66 30 6330 
66 31 6285 
66 32 6195 
66 46 945 
66 47 1175 
66 48 1505 
66 49 2325 
66 50 2775 
66 51 3585 
66 52 3915 
66 53 4725 
66 54 5055 
66 55 5865 
66 56 6195 
66 64 585 
66 65 180 
66 67 3225 
66 68 6225 
66 69 5220 
66 70 7410 
66 71 7455 
66 72 7215 
66 73 6945 
66 74 6900 
66 75 6810 
66 76 6675 
66 77 6630 
66 78 6585 
66 79 6540 
66 80 6360 
66 81 6315 
66 82 6270 
66 83 6090 
66 84 6000 
66 85 5955 
66 86 5865 
66 87 945 
67 12 3570 
67 13 3225 
67 14 4710 
67 15 4755 
67 16 4800 
67 17 5220 
67 18 5040 
67 19 4950 
67 20 4905 
67 21 4815 
67 22 4680 
67 23 4635 
67 24 4590 
67 25 4545 
67 26 4365 
67 27 4320 
67 28 4275 
67 29 4095 
67 30 4005 
67 31 3960 
67 32 3870 
67 50 450 
67 51 1260 
67 52 1590 
67 53 2400 
67 54 2730 
67 55 3540 
67 56 3870 
67 68 3900 
67 69 2895 
67 70 5085 
67 71 5130 
67 72 4890 
67 73 4620 
67 74 4575 
67 75 4485 
67 76 4350 
67 77 4305 
67 78 4260 
67 79 4215 
67 80 4035 
67 81 3990 
67 82 3945 
67 83 3765 
67 84 3675 
67 85 3630 
67 86 3540 
67 87 450 
68 13 675 
68 14 3150 
68 15 3195 
68 16 3240 
68 17 3660 
68 18 3480 
68 19 3390 
68 20 3345 
68 21 3255 
68 22 3120 
68 23 3075 
68 24 3030 
68 25 2985 
68 26 2805 
68 27 2760 
68 28 2715 
68 29 2535 
68 30 2445 
68 31 2400 
68 32 2310 
68 54 1170 
68 55 1980 
68 56 2310 
68 70 3525 
68 71 3570 
68 72 3330 
68 73 3060 
68 74 3015 
68 75 2925 
68 76 2790 
68 77 2745 
68 78 2700 
68 79 2655 
68 80 2475 
68 81 2430 
68 82 2385 
68 83 2205 
68 84 2115 
68 85 2070 
68 86 1980 
68 87 1170 
69 12 675 
69 13 330 
69 14 2805 
69 15 2850 
69 16 2895 
69 17 3315 
69 18 3135 
69 19 3045 
69 20 3000 
69 21 2910 
69 22 2775 
69 23 2730 
69 24 2685 
69 25 2640 
69 26 2460 
69 27 2415 
69 28 2370 
69 29 2190 
69 30 2100 
69 31 2055 
69 32 1965 
69 54 825 
69 55 1635 
69 56 1965 
69 68 1005 
69 70 3180 
69 71 3225 
69 72 2985 
69 73 2715 
69 74 2670 
69 75 2580 
69 76 2445 
69 77 2400 
69 78 2355 
69 79 2310 
69 80 2130 
69 81 2085 
69 82 2040 
69 83 1860 
69 84 1770 
69 85 1725 
69 86 1635 
69 87 825 
70 18 45 
70 19 135 
70 20 180 
70 21 270 
70 22 405 
70 23 450 
70 24 495 
70 25 540 
70 26 720 
70 27 765 
70 28 810 
70 29 990 
70 30 1080 
70 31 1125 
70 32 1215 
70 56 1215 
70 87 1215 
71 18 90 
71 19 180 
71 20 225 
71 21 315 
71 22 450 
71 23 495 
71 24 540 
71 25 585 
71 26 765 
71 27 810 
71 28 855 
71 29 1035 
71 30 1125 
71 31 1170 
71 32 1260 
71 56 1260 
71 70 45 
71 87 1260 
72 17 330 
72 18 510 
72 19 600 
72 20 645 
72 21 735 
72 22 870 
72 23 915 
72 24 960 
72 25 1005 
72 26 1185 
72 27 1230 
72 28 1275 
72 29 1455 
72 30 1545 
72 31 1590 
72 32 1680 
72 56 1680 
72 70 465 
72 71 420 
72 87 1680 
73 14 90 
73 15 135 
73 16 180 
73 17 600 
73 18 420 
73 19 330 
73 20 375 
73 21 465 
73 22 600 
73 23 645 
73 24 690 
73 25 735 
73 26 915 
73 27 960 
73 28 1005 
73 29 1185 
73 30 1275 
73 31 1320 
73 32 1410 
73 56 1410 
73 70 465 
73 71 510 
73 72 270 
73 87 1410 
74 14 135 
74 15 180 
74 16 225 
74 17 645 
74 18 465 
74 19 375 
74 20 330 
74 21 420 
74 22 555 
74 23 600 
74 24 645 
74 25 690 
74 26 870 
74 27 915 
74 28 960 
74 29 1140 
74 30 1230 
74 31 1275 
74 32 1365 
74 56 1365 
74 70 510 
74 71 555 
74 72 315 
74 73 45 
74 87 1365 
75 14 225 
75 15 270 
75 16 315 
75 17 735 
75 18 555 
75 19 465 
75 20 420 
75 21 330 
75 22 465 
75 23 510 
75 24 555 
75 25 600 
75 26 780 
75 27 825 
75 28 870 
75 29 1050 
75 30 1140 
75 31 1185 
75 32 1275 
75 56 1275 
75 70 600 
75 71 645 
75 72 405 
75 73 135 
75 74 90 
75 87 1275 
76 14 360 
76 15 405 
76 16 450 
76 17 870 
76 18 690 
76 19 600 
76 20 555 
76 21 465 
76 22 330 
76 23 375 
76 24 420 
76 25 465 
76 26 645 
76 27 690 
76 28 735 
76 29 915 
76 30 1005 
76 31 1050 
76 32 1140 
76 56 1140 
76 70 735 
76 71 780 
76 72 540 
76 73 270 
76 74 225 
76 75 135 
76 87 1140 
77 14 405 
77 15 450 
77 16 495 
77 17 915 
77 18 735 
77 19 645 
77 20 600 
77 21 510 
77 22 375 
77 23 330 
77 24 375 
77 25 420 
77 26 600 
77 27 645 
77 28 690 
77 29 870 
77 30 960 
77 31 1005 
77 32 1095 
77 56 1095 
77 70 780 
77 71 825 
77 72 585 
77 73 315 
77 74 270 
77 75 180 
77 76 45 
77 87 1095 
78 14 450 
78 15 495 
78 16 540 
78 17 960 
78 18 780 
78 19 690 
78 20 645 
78 21 555 
78 22 420 
78 23 375 
78 24 330 
78 25 375 
78 26 555 
78 27 600 
78 28 645 
78 29 825 
78 30 915 
78 31 960 
78 32 1050 
78 56 1050 
78 70 825 
78 71 870 
78 72 630 
78 73 360 
78 74 315 
78 75 225 
78 76 90 
78 77 45 
78 87 1050 
79 14 495 
79 15 540 
79 16 585 
79 17 1005 
79 18 825 
79 19 735 
79 20 690 
79 21 600 
79 22 465 
79 23 420 
79 24 375 
79 25 330 
79 26 510 
79 27 555 
79 28 600 
79 29 780 
79 30 870 
79 31 915 
79 32 1005 
79 56 1005 
79 70 870 
79 71 915 
79 72 675 
79 73 405 
79 74 360 
79 75 270 
79 76 135 
79 77 90 
79 78 45 
79 87 1005 
80 14 675 
80 15 720 
80 16 765 
80 17 1185 
80 18 1005 
80 19 915 
80 20 870 
80 21 780 
80 22 645 
80 23 600 
80 24 555 
80 25 510 
80 26 330 
80 27 375 
80 28 420 
80 29 600 
80 30 690 
80 31 735 
80 32 825 
80 56 825 
80 70 1050 
80 71 1095 
80 72 855 
80 73 585 
80 74 540 
80 75 450 
80 76 315 
80 77 270 
80 78 225 
80 79 180 
80 87 825 
81 14 720 
81 15 765 
81 16 810 
81 17 1230 
81 18 1050 
81 19 960 
81 20 915 
81 21 825 
81 22 690 
81 23 645 
81 24 600 
81 25 555 
81 26 375 
81 27 330 
81 28 375 
81 29 555 
81 30 645 
81 31 690 
81 32 780 
81 56 780 
81 70 1095 
81 71 1140 
81 72 900 
81 73 630 
81 74 585 
81 75 495 
81 76 360 
81 77 315 
81 78 270 
81 79 225 
81 80 45 
81 87 780 
82 14 765 
82 15 810 
82 16 855 
82 17 1275 
82 18 1095 
82 19 1005 
82 20 960 
82 21 870 
82 22 735 
82 23 690 
82 24 645 
82 25 600 
82 26 420 
82 27 375 
82 28 330 
82 29 510 
82 30 600 
82 31 645 
82 32 735 
82 56 735 
82 70 1140 
82 71 1185 
82 72 945 
82 73 675 
82 74 630 
82 75 540 
82 76 405 
82 77 360 
82 78 315 
82 79 270 
82 80 90 
82 81 45 
82 87 735 
83 14 945 
83 15 990 
83 16 1035 
83 17 1455 
83 18 1275 
83 19 1185 
83 20 1140 
83 21 1050 
83 22 915 
83 23 870 
83 24 825 
83 25 780 
83 26 600 
83 27 555 
83 28 510 
83 29 330 
83 30 420 
83 31 465 
83 32 555 
83 56 555 
83 70 1320 
83 71 1365 
83 72 1125 
83 73 855 
83 74 810 
83 75 720 
83 76 585 
83 77 540 
83 78 495 
83 79 450 
83 80 270 
83 81 225 
83 82 180 
83 87 555 
84 14 1035 
84 15 1080 
84 16 1125 
84 17 1545 
84 18 1365 
84 19 1275 
84 20 1230 
84 21 1140 
84 22 1005 
84 23 960 
84 24 915 
84 25 870 
84 26 690 
84 27 645 
84 28 600 
84 29 420 
84 30 330 
84 31 375 
84 32 465 
84 56 465 
84 70 1410 
84 71 1455 
84 72 1215 
84 73 945 
84 74 900 
84 75 810 
84 76 675 
84 77 630 
84 78 585 
84 79 540 
84 80 360 
84 81 315 
84 82 270 
84 83 90 
84 87 465 
85 14 1080 
85 15 1125 
85 16 1170 
85 17 1590 
85 18 1410 
85 19 1320 
85 20 1275 
85 21 1185 
85 22 1050 
85 23 1005 
85 24 960 
85 25 915 
85 26 735 
85 27 690 
85 28 645 
85 29 465 
85 30 375 
85 31 330 
85 32 420 
85 56 420 
85 70 1455 
85 71 1500 
85 72 1260 
85 73 990 
85 74 945 
85 75 855 
85 76 720 
85 77 675 
85 78 630 
85 79 585 
85 80 405 
85 81 360 
85 82 315 
85 83 135 
85 84 45 
85 87 420 
86 14 1170 
86 15 1215 
86 16 1260 
86 17 1680 
86 18 1500 
86 19 1410 
86 20 1365 
86 21 1275 
86 22 1140 
86 23 1095 
86 24 1050 
86 25 1005 
86 26 825 
86 27 780 
86 28 735 
86 29 555 
86 30 465 
86 31 420 
86 32 330 
86 56 330 
86 70 1545 
86 71 1590 
86 72 1350 
86 73 1080 
86 74 1035 
86 75 945 
86 76 810 
86 77 765 
86 78 720 
86 79 675 
86 80 495 
86 81 450 
86 82 405 
86 83 225 
86 84 135 
86 85 90 
86 87 330 
 
//Location coordinates LocationName 
//Loc x y 
0 0 0 "depotStart" 
1 4130 795 "aG_aE_15" 
2 4130 840 "aG_aE_16" 
3 3320 660 "aH_aH_12" 
4 1720 975 "aL_aK_21" 
5 1720 1200 "aL_aK_26" 
6 900 1200 "aM_aM_00" 
7 570 660 "aO_aM_14" 
8 0 2060 "bA_bA_08" 
9 0 2465 "bA_bA_17" 
10 0 2645 "bA_bA_21" 
11 1720 2250 "bE_bE_10" 
12 4120 2970 "bK_bK_26" 
13 4450 2295 "bL_bK_20" 
14 5260 2970 "bM_bM_26" 
15 5260 3015 "bM_bM_27" 
16 5260 3060 "bM_bM_28" 
17 5590 3150 "bO_bM_01" 
18 5590 2970 "bO_bM_05" 
19 5590 2880 "bO_bM_07" 
20 5590 2835 "bO_bM_08" 
21 5590 2745 "bO_bM_10" 
22 5590 2610 "bO_bM_13" 
23 5590 2565 "bO_bM_14" 
24 5590 2520 "bO_bM_15" 
25 5590 2475 "bO_bM_16" 
26 5590 2295 "bO_bM_20" 
27 5590 2250 "bO_bM_21" 
28 5590 2205 "bO_bM_22" 
29 5590 2025 "bO_bM_26" 
30 5590 1935 "bO_bM_28" 
31 5590 1890 "bO_bM_29" 
32 5590 1800 "bO_bM_31" 
33 5600 1200 "aC_aC_inter_0_start" 
34 5270 1200 "aD_aC_inter_0_start" 
35 4460 1200 "aE_aE_inter_0_start" 
36 4130 1200 "aG_aE_inter_0_start" 
37 3320 1200 "aH_aH_inter_0_start" 
38 2990 1200 "aI_aH_inter_0_start" 
39 2180 1200 "aK_aK_inter_0_start" 
40 1720 1200 "aL_aK_inter_0_start" 
41 900 1200 "aM_aM_inter_0_start" 
42 570 1200 "aO_aM_inter_0_start" 
43 340 1200 "aP_aP_inter_0_start" 
44 0 1600 "aQ_aP_inter_0_start" 
45 0 1700 "bA_bA_inter_0_start" 
46 340 1800 "bB_bA_inter_0_start" 
47 570 1800 "bC_bC_inter_0_start" 
48 900 1800 "bD_bC_inter_0_start" 
49 1720 1800 "bE_bE_inter_0_start" 
50 2170 1800 "bG_bE_inter_0_start" 
51 2980 1800 "bH_bH_inter_0_start" 
52 3310 1800 "bI_bH_inter_0_start" 
53 4120 1800 "bK_bK_inter_0_start" 
54 4450 1800 "bL_bK_inter_0_start" 
55 5260 1800 "bM_bM_inter_0_start" 
56 5590 1800 "bO_bM_inter_0_start" 
57 4460 795 "aE_aE_inter_405" 
58 4460 840 "aE_aE_inter_360" 
59 2990 660 "aI_aH_inter_540" 
60 2180 975 "aK_aK_inter_225" 
61 2180 1200 "aK_aK_inter_0" 
62 570 1200 "aO_aM_inter_0" 
63 900 660 "aM_aM_inter_540" 
64 340 2160 "bB_bA_inter_360" 
65 340 2565 "bB_bA_inter_765" 
66 340 2745 "bB_bA_inter_945" 
67 2170 2250 "bG_bE_inter_450" 
68 4450 2970 "bL_bK_inter_1170" 
69 4120 2295 "bK_bK_inter_495" 
70 5590 3015 "bO_bM_inter_1215" 
71 5590 3060 "bO_bM_inter_1260" 
72 5260 3150 "bM_bM_inter_1350" 
73 5260 2880 "bM_bM_inter_1080" 
74 5260 2835 "bM_bM_inter_1035" 
75 5260 2745 "bM_bM_inter_945" 
76 5260 2610 "bM_bM_inter_810" 
77 5260 2565 "bM_bM_inter_765" 
78 5260 2520 "bM_bM_inter_720" 
79 5260 2475 "bM_bM_inter_675" 
80 5260 2295 "bM_bM_inter_495" 
81 5260 2250 "bM_bM_inter_450" 
82 5260 2205 "bM_bM_inter_405" 
83 5260 2025 "bM_bM_inter_225" 
84 5260 1935 "bM_bM_inter_135" 
85 5260 1890 "bM_bM_inter_90" 
86 5260 1800 "bM_bM_inter_0" 
87 0 0 "depotEnd" 
