//NbLocations 
106 
 
//NbProducts 
46 
 
//K: NbBoxesTrolley 
6 
 
//NbDimensionsCapacity 
2 
 
//B: CapaBox 
12000 92160 
 
//A box can accept mixed orders(0: no, 1: yes) 
0 
 
//Products 
//Idx Location Dim1 Dim2 ... 
1 1 397 4320 
2 1 338 2200 
3 2 266 2829 
4 3 288 2475 
5 4 489 4400 
6 5 447 3600 
7 5 529 4400 
8 6 415 3600 
9 7 471 3960 
10 8 434 3960 
11 9 481 3927 
12 10 441 4320 
13 11 473 3456 
14 11 282 3300 
15 12 418 4320 
16 13 380 2829 
17 13 235 2400 
18 14 272 3300 
19 15 392 4320 
20 16 480 3641 
21 17 328 2475 
22 18 420 3600 
23 19 306 2160 
24 20 325 2329 
25 21 448 3641 
26 22 395 3323 
27 23 417 2880 
28 24 416 3600 
29 25 435 2200 
30 26 491 2880 
31 27 501 2880 
32 28 19 171 
33 29 107 754 
34 30 350 275 
35 31 496 3456 
36 32 445 2880 
37 33 571 4320 
38 34 452 2880 
39 35 220 1037 
40 36 80 917 
41 37 159 704 
42 38 20 143 
43 39 630 7200 
44 40 153 968 
45 41 455 3600 
46 42 76 611 
 
//Orders 
//NbOrders 
1 
//Idx M NbProdInOrder ProdIdx1 Qty1 ProdIdx2 Qty2 ... 
1 3 46 1 1 2 2 3 1 4 1 5 1 6 2 7 1 8 1 9 2 10 2 11 2 12 1 13 1 14 1 15 1 16 1 17 1 18 1 19 1 20 1 21 2 22 1 23 1 24 1 25 1 26 1 27 1 28 4 29 1 30 1 31 1 32 3 33 1 34 2 35 1 36 1 37 1 38 1 39 1 40 1 41 1 42 4 43 1 44 1 45 1 46 1 
 
//Graph (Products are vertices indexed from 1 to NbProducts) 
//NbVerticesIntersections 
64 
 
//DepartingDepot 
0 
 
//ArrivalDepot 
107 
 
//Arcs 
//Start End Distance 
0 43 5000 
0 45 5000 
0 47 5000 
0 49 5000 
0 51 5000 
0 53 5000 
0 55 5000 
0 57 5000 
0 59 5000 
0 61 5000 
0 63 5000 
0 65 5000 
0 67 5000 
0 69 5000 
1 5 330 
1 73 45 
2 3 360 
2 71 330 
3 72 330 
4 5 45 
5 6 45 
6 7 180 
7 8 135 
8 44 90 
9 77 330 
10 15 330 
10 79 45 
11 12 630 
11 13 330 
12 78 330 
13 14 135 
14 15 45 
15 16 45 
16 17 180 
17 48 45 
18 19 135 
18 82 330 
19 83 330 
20 21 45 
21 50 135 
22 23 90 
23 24 315 
24 52 585 
25 26 675 
26 27 45 
27 54 135 
28 29 225 
29 58 405 
30 31 45 
30 94 310 
31 32 90 
31 95 310 
32 33 495 
32 96 310 
33 97 310 
33 98 270 
34 97 270 
35 36 90 
36 37 45 
37 38 720 
38 39 135 
39 62 0 
40 41 45 
41 64 855 
42 106 330 
43 44 330 
43 76 90 
44 45 960 
44 107 0 
45 9 450 
45 46 330 
46 47 810 
46 107 0 
47 48 330 
47 81 45 
48 49 810 
48 107 0 
49 50 330 
49 85 135 
50 51 810 
50 107 0 
51 52 450 
51 88 585 
52 53 810 
52 107 0 
53 54 330 
53 91 135 
54 55 320 
54 107 0 
55 56 280 
56 57 990 
56 107 0 
57 58 230 
57 93 405 
58 59 460 
58 107 0 
59 30 45 
59 60 310 
60 61 920 
60 107 0 
61 62 330 
61 103 0 
62 63 810 
62 107 0 
63 64 330 
63 105 855 
64 65 810 
64 107 0 
65 42 270 
65 66 330 
66 67 900 
66 107 0 
67 68 230 
68 69 810 
68 107 0 
69 70 0 
70 107 0 
71 4 135 
72 71 360 
73 2 135 
73 4 330 
74 1 45 
74 6 330 
75 7 330 
75 74 180 
76 8 330 
76 75 135 
77 46 450 
78 13 630 
79 11 135 
79 14 330 
80 10 45 
80 16 330 
81 17 330 
81 80 180 
82 20 225 
83 82 135 
84 18 225 
84 20 330 
85 21 330 
85 84 45 
86 22 450 
87 23 450 
87 86 90 
88 24 450 
88 87 315 
89 25 330 
90 26 330 
90 89 675 
91 27 330 
91 90 45 
92 28 230 
93 29 230 
93 92 225 
94 60 45 
95 94 45 
96 95 90 
97 96 495 
98 34 310 
99 35 330 
100 36 330 
100 99 90 
101 37 330 
101 100 45 
102 38 330 
102 101 720 
103 39 330 
103 102 135 
104 40 330 
105 41 330 
105 104 45 
106 66 270 
 
//LocStart LocEnd ShortestPath 
0 1 5450 
0 2 5630 
0 3 5990 
0 4 5825 
0 5 5780 
0 6 5735 
0 7 5555 
0 8 5420 
0 9 5450 
0 10 5270 
0 11 5450 
0 12 6080 
0 13 5780 
0 14 5645 
0 15 5600 
0 16 5555 
0 17 5375 
0 18 5405 
0 19 5540 
0 20 5510 
0 21 5465 
0 22 6440 
0 23 6350 
0 24 6035 
0 25 6185 
0 26 5510 
0 27 5465 
0 28 5860 
0 29 5635 
0 30 5045 
0 31 5090 
0 32 5180 
0 33 5675 
0 34 6255 
0 35 6320 
0 36 6230 
0 37 6185 
0 38 5465 
0 39 5330 
0 40 6230 
0 41 6185 
0 42 5270 
0 43 5000 
0 44 5330 
0 45 5000 
0 46 5330 
0 47 5000 
0 48 5330 
0 49 5000 
0 50 5330 
0 51 5000 
0 52 5450 
0 53 5000 
0 54 5330 
0 55 5000 
0 56 5280 
0 57 5000 
0 58 5230 
0 59 5000 
0 60 5310 
0 61 5000 
0 62 5330 
0 63 5000 
0 64 5330 
0 65 5000 
0 66 5330 
0 67 5000 
0 68 5230 
0 69 5000 
0 70 5000 
0 71 5960 
0 72 6320 
0 73 5495 
0 74 5405 
0 75 5225 
0 76 5090 
0 77 5780 
0 78 6410 
0 79 5315 
0 80 5225 
0 81 5045 
0 82 5735 
0 83 5870 
0 84 5180 
0 85 5135 
0 86 5990 
0 87 5900 
0 88 5585 
0 89 5855 
0 90 5180 
0 91 5135 
0 92 5630 
0 93 5405 
0 94 5355 
0 95 5400 
0 96 5490 
0 97 5985 
0 98 5945 
0 99 5990 
0 100 5900 
0 101 5855 
0 102 5135 
0 103 5000 
0 104 5900 
0 105 5855 
0 106 5600 
0 107 5000 
1 2 180 
1 3 540 
1 4 375 
1 5 330 
1 6 375 
1 7 555 
1 8 690 
1 9 2190 
1 10 3150 
1 11 3330 
1 12 3960 
1 13 3660 
1 14 3525 
1 15 3480 
1 16 3435 
1 17 3255 
1 18 4425 
1 19 4560 
1 20 4530 
1 21 4485 
1 22 6600 
1 23 6510 
1 24 6195 
1 25 7605 
1 26 6930 
1 27 6885 
1 28 9200 
1 29 8975 
1 30 9075 
1 31 9120 
1 32 9210 
1 33 9705 
1 34 10285 
1 35 11580 
1 36 11490 
1 37 11445 
1 38 10725 
1 39 10590 
1 40 12630 
1 41 12585 
1 42 12810 
1 44 780 
1 45 1740 
1 46 2070 
1 47 2880 
1 48 3210 
1 49 4020 
1 50 4350 
1 51 5160 
1 52 5610 
1 53 6420 
1 54 6750 
1 55 7070 
1 56 7350 
1 57 8340 
1 58 8570 
1 59 9030 
1 60 9340 
1 61 10260 
1 62 10590 
1 63 11400 
1 64 11730 
1 65 12540 
1 66 12870 
1 67 13770 
1 68 14000 
1 69 14810 
1 70 14810 
1 71 510 
1 72 870 
1 73 45 
1 77 2520 
1 78 4290 
1 79 3195 
1 80 3105 
1 81 2925 
1 82 4755 
1 83 4890 
1 84 4200 
1 85 4155 
1 86 6150 
1 87 6060 
1 88 5745 
1 89 7275 
1 90 6600 
1 91 6555 
1 92 8970 
1 93 8745 
1 94 9385 
1 95 9430 
1 96 9520 
1 97 10015 
1 98 9975 
1 99 11250 
1 100 11160 
1 101 11115 
1 102 10395 
1 103 10260 
1 104 12300 
1 105 12255 
1 106 13140 
1 107 780 
2 3 360 
2 4 465 
2 5 510 
2 6 555 
2 7 735 
2 8 870 
2 9 2370 
2 10 3330 
2 11 3510 
2 12 4140 
2 13 3840 
2 14 3705 
2 15 3660 
2 16 3615 
2 17 3435 
2 18 4605 
2 19 4740 
2 20 4710 
2 21 4665 
2 22 6780 
2 23 6690 
2 24 6375 
2 25 7785 
2 26 7110 
2 27 7065 
2 28 9380 
2 29 9155 
2 30 9255 
2 31 9300 
2 32 9390 
2 33 9885 
2 34 10465 
2 35 11760 
2 36 11670 
2 37 11625 
2 38 10905 
2 39 10770 
2 40 12810 
2 41 12765 
2 42 12990 
2 44 960 
2 45 1920 
2 46 2250 
2 47 3060 
2 48 3390 
2 49 4200 
2 50 4530 
2 51 5340 
2 52 5790 
2 53 6600 
2 54 6930 
2 55 7250 
2 56 7530 
2 57 8520 
2 58 8750 
2 59 9210 
2 60 9520 
2 61 10440 
2 62 10770 
2 63 11580 
2 64 11910 
2 65 12720 
2 66 13050 
2 67 13950 
2 68 14180 
2 69 14990 
2 70 14990 
2 71 330 
2 72 690 
2 77 2700 
2 78 4470 
2 79 3375 
2 80 3285 
2 81 3105 
2 82 4935 
2 83 5070 
2 84 4380 
2 85 4335 
2 86 6330 
2 87 6240 
2 88 5925 
2 89 7455 
2 90 6780 
2 91 6735 
2 92 9150 
2 93 8925 
2 94 9565 
2 95 9610 
2 96 9700 
2 97 10195 
2 98 10155 
2 99 11430 
2 100 11340 
2 101 11295 
2 102 10575 
2 103 10440 
2 104 12480 
2 105 12435 
2 106 13320 
2 107 960 
3 4 825 
3 5 870 
3 6 915 
3 7 1095 
3 8 1230 
3 9 2730 
3 10 3690 
3 11 3870 
3 12 4500 
3 13 4200 
3 14 4065 
3 15 4020 
3 16 3975 
3 17 3795 
3 18 4965 
3 19 5100 
3 20 5070 
3 21 5025 
3 22 7140 
3 23 7050 
3 24 6735 
3 25 8145 
3 26 7470 
3 27 7425 
3 28 9740 
3 29 9515 
3 30 9615 
3 31 9660 
3 32 9750 
3 33 10245 
3 34 10825 
3 35 12120 
3 36 12030 
3 37 11985 
3 38 11265 
3 39 11130 
3 40 13170 
3 41 13125 
3 42 13350 
3 44 1320 
3 45 2280 
3 46 2610 
3 47 3420 
3 48 3750 
3 49 4560 
3 50 4890 
3 51 5700 
3 52 6150 
3 53 6960 
3 54 7290 
3 55 7610 
3 56 7890 
3 57 8880 
3 58 9110 
3 59 9570 
3 60 9880 
3 61 10800 
3 62 11130 
3 63 11940 
3 64 12270 
3 65 13080 
3 66 13410 
3 67 14310 
3 68 14540 
3 69 15350 
3 70 15350 
3 71 690 
3 72 330 
3 77 3060 
3 78 4830 
3 79 3735 
3 80 3645 
3 81 3465 
3 82 5295 
3 83 5430 
3 84 4740 
3 85 4695 
3 86 6690 
3 87 6600 
3 88 6285 
3 89 7815 
3 90 7140 
3 91 7095 
3 92 9510 
3 93 9285 
3 94 9925 
3 95 9970 
3 96 10060 
3 97 10555 
3 98 10515 
3 99 11790 
3 100 11700 
3 101 11655 
3 102 10935 
3 103 10800 
3 104 12840 
3 105 12795 
3 106 13680 
3 107 1320 
4 5 45 
4 6 90 
4 7 270 
4 8 405 
4 9 1905 
4 10 2865 
4 11 3045 
4 12 3675 
4 13 3375 
4 14 3240 
4 15 3195 
4 16 3150 
4 17 2970 
4 18 4140 
4 19 4275 
4 20 4245 
4 21 4200 
4 22 6315 
4 23 6225 
4 24 5910 
4 25 7320 
4 26 6645 
4 27 6600 
4 28 8915 
4 29 8690 
4 30 8790 
4 31 8835 
4 32 8925 
4 33 9420 
4 34 10000 
4 35 11295 
4 36 11205 
4 37 11160 
4 38 10440 
4 39 10305 
4 40 12345 
4 41 12300 
4 42 12525 
4 44 495 
4 45 1455 
4 46 1785 
4 47 2595 
4 48 2925 
4 49 3735 
4 50 4065 
4 51 4875 
4 52 5325 
4 53 6135 
4 54 6465 
4 55 6785 
4 56 7065 
4 57 8055 
4 58 8285 
4 59 8745 
4 60 9055 
4 61 9975 
4 62 10305 
4 63 11115 
4 64 11445 
4 65 12255 
4 66 12585 
4 67 13485 
4 68 13715 
4 69 14525 
4 70 14525 
4 77 2235 
4 78 4005 
4 79 2910 
4 80 2820 
4 81 2640 
4 82 4470 
4 83 4605 
4 84 3915 
4 85 3870 
4 86 5865 
4 87 5775 
4 88 5460 
4 89 6990 
4 90 6315 
4 91 6270 
4 92 8685 
4 93 8460 
4 94 9100 
4 95 9145 
4 96 9235 
4 97 9730 
4 98 9690 
4 99 10965 
4 100 10875 
4 101 10830 
4 102 10110 
4 103 9975 
4 104 12015 
4 105 11970 
4 106 12855 
4 107 495 
5 6 45 
5 7 225 
5 8 360 
5 9 1860 
5 10 2820 
5 11 3000 
5 12 3630 
5 13 3330 
5 14 3195 
5 15 3150 
5 16 3105 
5 17 2925 
5 18 4095 
5 19 4230 
5 20 4200 
5 21 4155 
5 22 6270 
5 23 6180 
5 24 5865 
5 25 7275 
5 26 6600 
5 27 6555 
5 28 8870 
5 29 8645 
5 30 8745 
5 31 8790 
5 32 8880 
5 33 9375 
5 34 9955 
5 35 11250 
5 36 11160 
5 37 11115 
5 38 10395 
5 39 10260 
5 40 12300 
5 41 12255 
5 42 12480 
5 44 450 
5 45 1410 
5 46 1740 
5 47 2550 
5 48 2880 
5 49 3690 
5 50 4020 
5 51 4830 
5 52 5280 
5 53 6090 
5 54 6420 
5 55 6740 
5 56 7020 
5 57 8010 
5 58 8240 
5 59 8700 
5 60 9010 
5 61 9930 
5 62 10260 
5 63 11070 
5 64 11400 
5 65 12210 
5 66 12540 
5 67 13440 
5 68 13670 
5 69 14480 
5 70 14480 
5 77 2190 
5 78 3960 
5 79 2865 
5 80 2775 
5 81 2595 
5 82 4425 
5 83 4560 
5 84 3870 
5 85 3825 
5 86 5820 
5 87 5730 
5 88 5415 
5 89 6945 
5 90 6270 
5 91 6225 
5 92 8640 
5 93 8415 
5 94 9055 
5 95 9100 
5 96 9190 
5 97 9685 
5 98 9645 
5 99 10920 
5 100 10830 
5 101 10785 
5 102 10065 
5 103 9930 
5 104 11970 
5 105 11925 
5 106 12810 
5 107 450 
6 7 180 
6 8 315 
6 9 1815 
6 10 2775 
6 11 2955 
6 12 3585 
6 13 3285 
6 14 3150 
6 15 3105 
6 16 3060 
6 17 2880 
6 18 4050 
6 19 4185 
6 20 4155 
6 21 4110 
6 22 6225 
6 23 6135 
6 24 5820 
6 25 7230 
6 26 6555 
6 27 6510 
6 28 8825 
6 29 8600 
6 30 8700 
6 31 8745 
6 32 8835 
6 33 9330 
6 34 9910 
6 35 11205 
6 36 11115 
6 37 11070 
6 38 10350 
6 39 10215 
6 40 12255 
6 41 12210 
6 42 12435 
6 44 405 
6 45 1365 
6 46 1695 
6 47 2505 
6 48 2835 
6 49 3645 
6 50 3975 
6 51 4785 
6 52 5235 
6 53 6045 
6 54 6375 
6 55 6695 
6 56 6975 
6 57 7965 
6 58 8195 
6 59 8655 
6 60 8965 
6 61 9885 
6 62 10215 
6 63 11025 
6 64 11355 
6 65 12165 
6 66 12495 
6 67 13395 
6 68 13625 
6 69 14435 
6 70 14435 
6 77 2145 
6 78 3915 
6 79 2820 
6 80 2730 
6 81 2550 
6 82 4380 
6 83 4515 
6 84 3825 
6 85 3780 
6 86 5775 
6 87 5685 
6 88 5370 
6 89 6900 
6 90 6225 
6 91 6180 
6 92 8595 
6 93 8370 
6 94 9010 
6 95 9055 
6 96 9145 
6 97 9640 
6 98 9600 
6 99 10875 
6 100 10785 
6 101 10740 
6 102 10020 
6 103 9885 
6 104 11925 
6 105 11880 
6 106 12765 
6 107 405 
7 8 135 
7 9 1635 
7 10 2595 
7 11 2775 
7 12 3405 
7 13 3105 
7 14 2970 
7 15 2925 
7 16 2880 
7 17 2700 
7 18 3870 
7 19 4005 
7 20 3975 
7 21 3930 
7 22 6045 
7 23 5955 
7 24 5640 
7 25 7050 
7 26 6375 
7 27 6330 
7 28 8645 
7 29 8420 
7 30 8520 
7 31 8565 
7 32 8655 
7 33 9150 
7 34 9730 
7 35 11025 
7 36 10935 
7 37 10890 
7 38 10170 
7 39 10035 
7 40 12075 
7 41 12030 
7 42 12255 
7 44 225 
7 45 1185 
7 46 1515 
7 47 2325 
7 48 2655 
7 49 3465 
7 50 3795 
7 51 4605 
7 52 5055 
7 53 5865 
7 54 6195 
7 55 6515 
7 56 6795 
7 57 7785 
7 58 8015 
7 59 8475 
7 60 8785 
7 61 9705 
7 62 10035 
7 63 10845 
7 64 11175 
7 65 11985 
7 66 12315 
7 67 13215 
7 68 13445 
7 69 14255 
7 70 14255 
7 77 1965 
7 78 3735 
7 79 2640 
7 80 2550 
7 81 2370 
7 82 4200 
7 83 4335 
7 84 3645 
7 85 3600 
7 86 5595 
7 87 5505 
7 88 5190 
7 89 6720 
7 90 6045 
7 91 6000 
7 92 8415 
7 93 8190 
7 94 8830 
7 95 8875 
7 96 8965 
7 97 9460 
7 98 9420 
7 99 10695 
7 100 10605 
7 101 10560 
7 102 9840 
7 103 9705 
7 104 11745 
7 105 11700 
7 106 12585 
7 107 225 
8 9 1500 
8 10 2460 
8 11 2640 
8 12 3270 
8 13 2970 
8 14 2835 
8 15 2790 
8 16 2745 
8 17 2565 
8 18 3735 
8 19 3870 
8 20 3840 
8 21 3795 
8 22 5910 
8 23 5820 
8 24 5505 
8 25 6915 
8 26 6240 
8 27 6195 
8 28 8510 
8 29 8285 
8 30 8385 
8 31 8430 
8 32 8520 
8 33 9015 
8 34 9595 
8 35 10890 
8 36 10800 
8 37 10755 
8 38 10035 
8 39 9900 
8 40 11940 
8 41 11895 
8 42 12120 
8 44 90 
8 45 1050 
8 46 1380 
8 47 2190 
8 48 2520 
8 49 3330 
8 50 3660 
8 51 4470 
8 52 4920 
8 53 5730 
8 54 6060 
8 55 6380 
8 56 6660 
8 57 7650 
8 58 7880 
8 59 8340 
8 60 8650 
8 61 9570 
8 62 9900 
8 63 10710 
8 64 11040 
8 65 11850 
8 66 12180 
8 67 13080 
8 68 13310 
8 69 14120 
8 70 14120 
8 77 1830 
8 78 3600 
8 79 2505 
8 80 2415 
8 81 2235 
8 82 4065 
8 83 4200 
8 84 3510 
8 85 3465 
8 86 5460 
8 87 5370 
8 88 5055 
8 89 6585 
8 90 5910 
8 91 5865 
8 92 8280 
8 93 8055 
8 94 8695 
8 95 8740 
8 96 8830 
8 97 9325 
8 98 9285 
8 99 10560 
8 100 10470 
8 101 10425 
8 102 9705 
8 103 9570 
8 104 11610 
8 105 11565 
8 106 12450 
8 107 90 
9 10 1860 
9 11 2040 
9 12 2670 
9 13 2370 
9 14 2235 
9 15 2190 
9 16 2145 
9 17 1965 
9 18 3135 
9 19 3270 
9 20 3240 
9 21 3195 
9 22 5310 
9 23 5220 
9 24 4905 
9 25 6315 
9 26 5640 
9 27 5595 
9 28 7910 
9 29 7685 
9 30 7785 
9 31 7830 
9 32 7920 
9 33 8415 
9 34 8995 
9 35 10290 
9 36 10200 
9 37 10155 
9 38 9435 
9 39 9300 
9 40 11340 
9 41 11295 
9 42 11520 
9 46 780 
9 47 1590 
9 48 1920 
9 49 2730 
9 50 3060 
9 51 3870 
9 52 4320 
9 53 5130 
9 54 5460 
9 55 5780 
9 56 6060 
9 57 7050 
9 58 7280 
9 59 7740 
9 60 8050 
9 61 8970 
9 62 9300 
9 63 10110 
9 64 10440 
9 65 11250 
9 66 11580 
9 67 12480 
9 68 12710 
9 69 13520 
9 70 13520 
9 77 330 
9 78 3000 
9 79 1905 
9 80 1815 
9 81 1635 
9 82 3465 
9 83 3600 
9 84 2910 
9 85 2865 
9 86 4860 
9 87 4770 
9 88 4455 
9 89 5985 
9 90 5310 
9 91 5265 
9 92 7680 
9 93 7455 
9 94 8095 
9 95 8140 
9 96 8230 
9 97 8725 
9 98 8685 
9 99 9960 
9 100 9870 
9 101 9825 
9 102 9105 
9 103 8970 
9 104 11010 
9 105 10965 
9 106 11850 
9 107 780 
10 11 180 
10 12 810 
10 13 510 
10 14 375 
10 15 330 
10 16 375 
10 17 555 
10 18 1815 
10 19 1950 
10 20 1920 
10 21 1875 
10 22 3990 
10 23 3900 
10 24 3585 
10 25 4995 
10 26 4320 
10 27 4275 
10 28 6590 
10 29 6365 
10 30 6465 
10 31 6510 
10 32 6600 
10 33 7095 
10 34 7675 
10 35 8970 
10 36 8880 
10 37 8835 
10 38 8115 
10 39 7980 
10 40 10020 
10 41 9975 
10 42 10200 
10 48 600 
10 49 1410 
10 50 1740 
10 51 2550 
10 52 3000 
10 53 3810 
10 54 4140 
10 55 4460 
10 56 4740 
10 57 5730 
10 58 5960 
10 59 6420 
10 60 6730 
10 61 7650 
10 62 7980 
10 63 8790 
10 64 9120 
10 65 9930 
10 66 10260 
10 67 11160 
10 68 11390 
10 69 12200 
10 70 12200 
10 78 1140 
10 79 45 
10 82 2145 
10 83 2280 
10 84 1590 
10 85 1545 
10 86 3540 
10 87 3450 
10 88 3135 
10 89 4665 
10 90 3990 
10 91 3945 
10 92 6360 
10 93 6135 
10 94 6775 
10 95 6820 
10 96 6910 
10 97 7405 
10 98 7365 
10 99 8640 
10 100 8550 
10 101 8505 
10 102 7785 
10 103 7650 
10 104 9690 
10 105 9645 
10 106 10530 
10 107 600 
11 12 630 
11 13 330 
11 14 465 
11 15 510 
11 16 555 
11 17 735 
11 18 1995 
11 19 2130 
11 20 2100 
11 21 2055 
11 22 4170 
11 23 4080 
11 24 3765 
11 25 5175 
11 26 4500 
11 27 4455 
11 28 6770 
11 29 6545 
11 30 6645 
11 31 6690 
11 32 6780 
11 33 7275 
11 34 7855 
11 35 9150 
11 36 9060 
11 37 9015 
11 38 8295 
11 39 8160 
11 40 10200 
11 41 10155 
11 42 10380 
11 48 780 
11 49 1590 
11 50 1920 
11 51 2730 
11 52 3180 
11 53 3990 
11 54 4320 
11 55 4640 
11 56 4920 
11 57 5910 
11 58 6140 
11 59 6600 
11 60 6910 
11 61 7830 
11 62 8160 
11 63 8970 
11 64 9300 
11 65 10110 
11 66 10440 
11 67 11340 
11 68 11570 
11 69 12380 
11 70 12380 
11 78 960 
11 82 2325 
11 83 2460 
11 84 1770 
11 85 1725 
11 86 3720 
11 87 3630 
11 88 3315 
11 89 4845 
11 90 4170 
11 91 4125 
11 92 6540 
11 93 6315 
11 94 6955 
11 95 7000 
11 96 7090 
11 97 7585 
11 98 7545 
11 99 8820 
11 100 8730 
11 101 8685 
11 102 7965 
11 103 7830 
11 104 9870 
11 105 9825 
11 106 10710 
11 107 780 
12 13 960 
12 14 1095 
12 15 1140 
12 16 1185 
12 17 1365 
12 18 2625 
12 19 2760 
12 20 2730 
12 21 2685 
12 22 4800 
12 23 4710 
12 24 4395 
12 25 5805 
12 26 5130 
12 27 5085 
12 28 7400 
12 29 7175 
12 30 7275 
12 31 7320 
12 32 7410 
12 33 7905 
12 34 8485 
12 35 9780 
12 36 9690 
12 37 9645 
12 38 8925 
12 39 8790 
12 40 10830 
12 41 10785 
12 42 11010 
12 48 1410 
12 49 2220 
12 50 2550 
12 51 3360 
12 52 3810 
12 53 4620 
12 54 4950 
12 55 5270 
12 56 5550 
12 57 6540 
12 58 6770 
12 59 7230 
12 60 7540 
12 61 8460 
12 62 8790 
12 63 9600 
12 64 9930 
12 65 10740 
12 66 11070 
12 67 11970 
12 68 12200 
12 69 13010 
12 70 13010 
12 78 330 
12 82 2955 
12 83 3090 
12 84 2400 
12 85 2355 
12 86 4350 
12 87 4260 
12 88 3945 
12 89 5475 
12 90 4800 
12 91 4755 
12 92 7170 
12 93 6945 
12 94 7585 
12 95 7630 
12 96 7720 
12 97 8215 
12 98 8175 
12 99 9450 
12 100 9360 
12 101 9315 
12 102 8595 
12 103 8460 
12 104 10500 
12 105 10455 
12 106 11340 
12 107 1410 
13 14 135 
13 15 180 
13 16 225 
13 17 405 
13 18 1665 
13 19 1800 
13 20 1770 
13 21 1725 
13 22 3840 
13 23 3750 
13 24 3435 
13 25 4845 
13 26 4170 
13 27 4125 
13 28 6440 
13 29 6215 
13 30 6315 
13 31 6360 
13 32 6450 
13 33 6945 
13 34 7525 
13 35 8820 
13 36 8730 
13 37 8685 
13 38 7965 
13 39 7830 
13 40 9870 
13 41 9825 
13 42 10050 
13 48 450 
13 49 1260 
13 50 1590 
13 51 2400 
13 52 2850 
13 53 3660 
13 54 3990 
13 55 4310 
13 56 4590 
13 57 5580 
13 58 5810 
13 59 6270 
13 60 6580 
13 61 7500 
13 62 7830 
13 63 8640 
13 64 8970 
13 65 9780 
13 66 10110 
13 67 11010 
13 68 11240 
13 69 12050 
13 70 12050 
13 82 1995 
13 83 2130 
13 84 1440 
13 85 1395 
13 86 3390 
13 87 3300 
13 88 2985 
13 89 4515 
13 90 3840 
13 91 3795 
13 92 6210 
13 93 5985 
13 94 6625 
13 95 6670 
13 96 6760 
13 97 7255 
13 98 7215 
13 99 8490 
13 100 8400 
13 101 8355 
13 102 7635 
13 103 7500 
13 104 9540 
13 105 9495 
13 106 10380 
13 107 450 
14 15 45 
14 16 90 
14 17 270 
14 18 1530 
14 19 1665 
14 20 1635 
14 21 1590 
14 22 3705 
14 23 3615 
14 24 3300 
14 25 4710 
14 26 4035 
14 27 3990 
14 28 6305 
14 29 6080 
14 30 6180 
14 31 6225 
14 32 6315 
14 33 6810 
14 34 7390 
14 35 8685 
14 36 8595 
14 37 8550 
14 38 7830 
14 39 7695 
14 40 9735 
14 41 9690 
14 42 9915 
14 48 315 
14 49 1125 
14 50 1455 
14 51 2265 
14 52 2715 
14 53 3525 
14 54 3855 
14 55 4175 
14 56 4455 
14 57 5445 
14 58 5675 
14 59 6135 
14 60 6445 
14 61 7365 
14 62 7695 
14 63 8505 
14 64 8835 
14 65 9645 
14 66 9975 
14 67 10875 
14 68 11105 
14 69 11915 
14 70 11915 
14 82 1860 
14 83 1995 
14 84 1305 
14 85 1260 
14 86 3255 
14 87 3165 
14 88 2850 
14 89 4380 
14 90 3705 
14 91 3660 
14 92 6075 
14 93 5850 
14 94 6490 
14 95 6535 
14 96 6625 
14 97 7120 
14 98 7080 
14 99 8355 
14 100 8265 
14 101 8220 
14 102 7500 
14 103 7365 
14 104 9405 
14 105 9360 
14 106 10245 
14 107 315 
15 16 45 
15 17 225 
15 18 1485 
15 19 1620 
15 20 1590 
15 21 1545 
15 22 3660 
15 23 3570 
15 24 3255 
15 25 4665 
15 26 3990 
15 27 3945 
15 28 6260 
15 29 6035 
15 30 6135 
15 31 6180 
15 32 6270 
15 33 6765 
15 34 7345 
15 35 8640 
15 36 8550 
15 37 8505 
15 38 7785 
15 39 7650 
15 40 9690 
15 41 9645 
15 42 9870 
15 48 270 
15 49 1080 
15 50 1410 
15 51 2220 
15 52 2670 
15 53 3480 
15 54 3810 
15 55 4130 
15 56 4410 
15 57 5400 
15 58 5630 
15 59 6090 
15 60 6400 
15 61 7320 
15 62 7650 
15 63 8460 
15 64 8790 
15 65 9600 
15 66 9930 
15 67 10830 
15 68 11060 
15 69 11870 
15 70 11870 
15 82 1815 
15 83 1950 
15 84 1260 
15 85 1215 
15 86 3210 
15 87 3120 
15 88 2805 
15 89 4335 
15 90 3660 
15 91 3615 
15 92 6030 
15 93 5805 
15 94 6445 
15 95 6490 
15 96 6580 
15 97 7075 
15 98 7035 
15 99 8310 
15 100 8220 
15 101 8175 
15 102 7455 
15 103 7320 
15 104 9360 
15 105 9315 
15 106 10200 
15 107 270 
16 17 180 
16 18 1440 
16 19 1575 
16 20 1545 
16 21 1500 
16 22 3615 
16 23 3525 
16 24 3210 
16 25 4620 
16 26 3945 
16 27 3900 
16 28 6215 
16 29 5990 
16 30 6090 
16 31 6135 
16 32 6225 
16 33 6720 
16 34 7300 
16 35 8595 
16 36 8505 
16 37 8460 
16 38 7740 
16 39 7605 
16 40 9645 
16 41 9600 
16 42 9825 
16 48 225 
16 49 1035 
16 50 1365 
16 51 2175 
16 52 2625 
16 53 3435 
16 54 3765 
16 55 4085 
16 56 4365 
16 57 5355 
16 58 5585 
16 59 6045 
16 60 6355 
16 61 7275 
16 62 7605 
16 63 8415 
16 64 8745 
16 65 9555 
16 66 9885 
16 67 10785 
16 68 11015 
16 69 11825 
16 70 11825 
16 82 1770 
16 83 1905 
16 84 1215 
16 85 1170 
16 86 3165 
16 87 3075 
16 88 2760 
16 89 4290 
16 90 3615 
16 91 3570 
16 92 5985 
16 93 5760 
16 94 6400 
16 95 6445 
16 96 6535 
16 97 7030 
16 98 6990 
16 99 8265 
16 100 8175 
16 101 8130 
16 102 7410 
16 103 7275 
16 104 9315 
16 105 9270 
16 106 10155 
16 107 225 
17 18 1260 
17 19 1395 
17 20 1365 
17 21 1320 
17 22 3435 
17 23 3345 
17 24 3030 
17 25 4440 
17 26 3765 
17 27 3720 
17 28 6035 
17 29 5810 
17 30 5910 
17 31 5955 
17 32 6045 
17 33 6540 
17 34 7120 
17 35 8415 
17 36 8325 
17 37 8280 
17 38 7560 
17 39 7425 
17 40 9465 
17 41 9420 
17 42 9645 
17 48 45 
17 49 855 
17 50 1185 
17 51 1995 
17 52 2445 
17 53 3255 
17 54 3585 
17 55 3905 
17 56 4185 
17 57 5175 
17 58 5405 
17 59 5865 
17 60 6175 
17 61 7095 
17 62 7425 
17 63 8235 
17 64 8565 
17 65 9375 
17 66 9705 
17 67 10605 
17 68 10835 
17 69 11645 
17 70 11645 
17 82 1590 
17 83 1725 
17 84 1035 
17 85 990 
17 86 2985 
17 87 2895 
17 88 2580 
17 89 4110 
17 90 3435 
17 91 3390 
17 92 5805 
17 93 5580 
17 94 6220 
17 95 6265 
17 96 6355 
17 97 6850 
17 98 6810 
17 99 8085 
17 100 7995 
17 101 7950 
17 102 7230 
17 103 7095 
17 104 9135 
17 105 9090 
17 106 9975 
17 107 45 
18 19 135 
18 20 555 
18 21 600 
18 22 2985 
18 23 2895 
18 24 2580 
18 25 3990 
18 26 3315 
18 27 3270 
18 28 5585 
18 29 5360 
18 30 5460 
18 31 5505 
18 32 5595 
18 33 6090 
18 34 6670 
18 35 7965 
18 36 7875 
18 37 7830 
18 38 7110 
18 39 6975 
18 40 9015 
18 41 8970 
18 42 9195 
18 50 735 
18 51 1545 
18 52 1995 
18 53 2805 
18 54 3135 
18 55 3455 
18 56 3735 
18 57 4725 
18 58 4955 
18 59 5415 
18 60 5725 
18 61 6645 
18 62 6975 
18 63 7785 
18 64 8115 
18 65 8925 
18 66 9255 
18 67 10155 
18 68 10385 
18 69 11195 
18 70 11195 
18 82 330 
18 83 465 
18 86 2535 
18 87 2445 
18 88 2130 
18 89 3660 
18 90 2985 
18 91 2940 
18 92 5355 
18 93 5130 
18 94 5770 
18 95 5815 
18 96 5905 
18 97 6400 
18 98 6360 
18 99 7635 
18 100 7545 
18 101 7500 
18 102 6780 
18 103 6645 
18 104 8685 
18 105 8640 
18 106 9525 
18 107 735 
19 20 690 
19 21 735 
19 22 3120 
19 23 3030 
19 24 2715 
19 25 4125 
19 26 3450 
19 27 3405 
19 28 5720 
19 29 5495 
19 30 5595 
19 31 5640 
19 32 5730 
19 33 6225 
19 34 6805 
19 35 8100 
19 36 8010 
19 37 7965 
19 38 7245 
19 39 7110 
19 40 9150 
19 41 9105 
19 42 9330 
19 50 870 
19 51 1680 
19 52 2130 
19 53 2940 
19 54 3270 
19 55 3590 
19 56 3870 
19 57 4860 
19 58 5090 
19 59 5550 
19 60 5860 
19 61 6780 
19 62 7110 
19 63 7920 
19 64 8250 
19 65 9060 
19 66 9390 
19 67 10290 
19 68 10520 
19 69 11330 
19 70 11330 
19 82 465 
19 83 330 
19 86 2670 
19 87 2580 
19 88 2265 
19 89 3795 
19 90 3120 
19 91 3075 
19 92 5490 
19 93 5265 
19 94 5905 
19 95 5950 
19 96 6040 
19 97 6535 
19 98 6495 
19 99 7770 
19 100 7680 
19 101 7635 
19 102 6915 
19 103 6780 
19 104 8820 
19 105 8775 
19 106 9660 
19 107 870 
20 21 45 
20 22 2430 
20 23 2340 
20 24 2025 
20 25 3435 
20 26 2760 
20 27 2715 
20 28 5030 
20 29 4805 
20 30 4905 
20 31 4950 
20 32 5040 
20 33 5535 
20 34 6115 
20 35 7410 
20 36 7320 
20 37 7275 
20 38 6555 
20 39 6420 
20 40 8460 
20 41 8415 
20 42 8640 
20 50 180 
20 51 990 
20 52 1440 
20 53 2250 
20 54 2580 
20 55 2900 
20 56 3180 
20 57 4170 
20 58 4400 
20 59 4860 
20 60 5170 
20 61 6090 
20 62 6420 
20 63 7230 
20 64 7560 
20 65 8370 
20 66 8700 
20 67 9600 
20 68 9830 
20 69 10640 
20 70 10640 
20 86 1980 
20 87 1890 
20 88 1575 
20 89 3105 
20 90 2430 
20 91 2385 
20 92 4800 
20 93 4575 
20 94 5215 
20 95 5260 
20 96 5350 
20 97 5845 
20 98 5805 
20 99 7080 
20 100 6990 
20 101 6945 
20 102 6225 
20 103 6090 
20 104 8130 
20 105 8085 
20 106 8970 
20 107 180 
21 22 2385 
21 23 2295 
21 24 1980 
21 25 3390 
21 26 2715 
21 27 2670 
21 28 4985 
21 29 4760 
21 30 4860 
21 31 4905 
21 32 4995 
21 33 5490 
21 34 6070 
21 35 7365 
21 36 7275 
21 37 7230 
21 38 6510 
21 39 6375 
21 40 8415 
21 41 8370 
21 42 8595 
21 50 135 
21 51 945 
21 52 1395 
21 53 2205 
21 54 2535 
21 55 2855 
21 56 3135 
21 57 4125 
21 58 4355 
21 59 4815 
21 60 5125 
21 61 6045 
21 62 6375 
21 63 7185 
21 64 7515 
21 65 8325 
21 66 8655 
21 67 9555 
21 68 9785 
21 69 10595 
21 70 10595 
21 86 1935 
21 87 1845 
21 88 1530 
21 89 3060 
21 90 2385 
21 91 2340 
21 92 4755 
21 93 4530 
21 94 5170 
21 95 5215 
21 96 5305 
21 97 5800 
21 98 5760 
21 99 7035 
21 100 6945 
21 101 6900 
21 102 6180 
21 103 6045 
21 104 8085 
21 105 8040 
21 106 8925 
21 107 135 
22 23 90 
22 24 405 
22 25 2985 
22 26 2310 
22 27 2265 
22 28 4580 
22 29 4355 
22 30 4455 
22 31 4500 
22 32 4590 
22 33 5085 
22 34 5665 
22 35 6960 
22 36 6870 
22 37 6825 
22 38 6105 
22 39 5970 
22 40 8010 
22 41 7965 
22 42 8190 
22 52 990 
22 53 1800 
22 54 2130 
22 55 2450 
22 56 2730 
22 57 3720 
22 58 3950 
22 59 4410 
22 60 4720 
22 61 5640 
22 62 5970 
22 63 6780 
22 64 7110 
22 65 7920 
22 66 8250 
22 67 9150 
22 68 9380 
22 69 10190 
22 70 10190 
22 89 2655 
22 90 1980 
22 91 1935 
22 92 4350 
22 93 4125 
22 94 4765 
22 95 4810 
22 96 4900 
22 97 5395 
22 98 5355 
22 99 6630 
22 100 6540 
22 101 6495 
22 102 5775 
22 103 5640 
22 104 7680 
22 105 7635 
22 106 8520 
22 107 990 
23 24 315 
23 25 2895 
23 26 2220 
23 27 2175 
23 28 4490 
23 29 4265 
23 30 4365 
23 31 4410 
23 32 4500 
23 33 4995 
23 34 5575 
23 35 6870 
23 36 6780 
23 37 6735 
23 38 6015 
23 39 5880 
23 40 7920 
23 41 7875 
23 42 8100 
23 52 900 
23 53 1710 
23 54 2040 
23 55 2360 
23 56 2640 
23 57 3630 
23 58 3860 
23 59 4320 
23 60 4630 
23 61 5550 
23 62 5880 
23 63 6690 
23 64 7020 
23 65 7830 
23 66 8160 
23 67 9060 
23 68 9290 
23 69 10100 
23 70 10100 
23 89 2565 
23 90 1890 
23 91 1845 
23 92 4260 
23 93 4035 
23 94 4675 
23 95 4720 
23 96 4810 
23 97 5305 
23 98 5265 
23 99 6540 
23 100 6450 
23 101 6405 
23 102 5685 
23 103 5550 
23 104 7590 
23 105 7545 
23 106 8430 
23 107 900 
24 25 2580 
24 26 1905 
24 27 1860 
24 28 4175 
24 29 3950 
24 30 4050 
24 31 4095 
24 32 4185 
24 33 4680 
24 34 5260 
24 35 6555 
24 36 6465 
24 37 6420 
24 38 5700 
24 39 5565 
24 40 7605 
24 41 7560 
24 42 7785 
24 52 585 
24 53 1395 
24 54 1725 
24 55 2045 
24 56 2325 
24 57 3315 
24 58 3545 
24 59 4005 
24 60 4315 
24 61 5235 
24 62 5565 
24 63 6375 
24 64 6705 
24 65 7515 
24 66 7845 
24 67 8745 
24 68 8975 
24 69 9785 
24 70 9785 
24 89 2250 
24 90 1575 
24 91 1530 
24 92 3945 
24 93 3720 
24 94 4360 
24 95 4405 
24 96 4495 
24 97 4990 
24 98 4950 
24 99 6225 
24 100 6135 
24 101 6090 
24 102 5370 
24 103 5235 
24 104 7275 
24 105 7230 
24 106 8115 
24 107 585 
25 26 675 
25 27 720 
25 28 3305 
25 29 3080 
25 30 3180 
25 31 3225 
25 32 3315 
25 33 3810 
25 34 4390 
25 35 5685 
25 36 5595 
25 37 5550 
25 38 4830 
25 39 4695 
25 40 6735 
25 41 6690 
25 42 6915 
25 54 855 
25 55 1175 
25 56 1455 
25 57 2445 
25 58 2675 
25 59 3135 
25 60 3445 
25 61 4365 
25 62 4695 
25 63 5505 
25 64 5835 
25 65 6645 
25 66 6975 
25 67 7875 
25 68 8105 
25 69 8915 
25 70 8915 
25 92 3075 
25 93 2850 
25 94 3490 
25 95 3535 
25 96 3625 
25 97 4120 
25 98 4080 
25 99 5355 
25 100 5265 
25 101 5220 
25 102 4500 
25 103 4365 
25 104 6405 
25 105 6360 
25 106 7245 
25 107 855 
26 27 45 
26 28 2630 
26 29 2405 
26 30 2505 
26 31 2550 
26 32 2640 
26 33 3135 
26 34 3715 
26 35 5010 
26 36 4920 
26 37 4875 
26 38 4155 
26 39 4020 
26 40 6060 
26 41 6015 
26 42 6240 
26 54 180 
26 55 500 
26 56 780 
26 57 1770 
26 58 2000 
26 59 2460 
26 60 2770 
26 61 3690 
26 62 4020 
26 63 4830 
26 64 5160 
26 65 5970 
26 66 6300 
26 67 7200 
26 68 7430 
26 69 8240 
26 70 8240 
26 92 2400 
26 93 2175 
26 94 2815 
26 95 2860 
26 96 2950 
26 97 3445 
26 98 3405 
26 99 4680 
26 100 4590 
26 101 4545 
26 102 3825 
26 103 3690 
26 104 5730 
26 105 5685 
26 106 6570 
26 107 180 
27 28 2585 
27 29 2360 
27 30 2460 
27 31 2505 
27 32 2595 
27 33 3090 
27 34 3670 
27 35 4965 
27 36 4875 
27 37 4830 
27 38 4110 
27 39 3975 
27 40 6015 
27 41 5970 
27 42 6195 
27 54 135 
27 55 455 
27 56 735 
27 57 1725 
27 58 1955 
27 59 2415 
27 60 2725 
27 61 3645 
27 62 3975 
27 63 4785 
27 64 5115 
27 65 5925 
27 66 6255 
27 67 7155 
27 68 7385 
27 69 8195 
27 70 8195 
27 92 2355 
27 93 2130 
27 94 2770 
27 95 2815 
27 96 2905 
27 97 3400 
27 98 3360 
27 99 4635 
27 100 4545 
27 101 4500 
27 102 3780 
27 103 3645 
27 104 5685 
27 105 5640 
27 106 6525 
27 107 135 
28 29 225 
28 30 1135 
28 31 1180 
28 32 1270 
28 33 1765 
28 34 2345 
28 35 3640 
28 36 3550 
28 37 3505 
28 38 2785 
28 39 2650 
28 40 4690 
28 41 4645 
28 42 4870 
28 58 630 
28 59 1090 
28 60 1400 
28 61 2320 
28 62 2650 
28 63 3460 
28 64 3790 
28 65 4600 
28 66 4930 
28 67 5830 
28 68 6060 
28 69 6870 
28 70 6870 
28 94 1445 
28 95 1490 
28 96 1580 
28 97 2075 
28 98 2035 
28 99 3310 
28 100 3220 
28 101 3175 
28 102 2455 
28 103 2320 
28 104 4360 
28 105 4315 
28 106 5200 
28 107 630 
29 30 910 
29 31 955 
29 32 1045 
29 33 1540 
29 34 2120 
29 35 3415 
29 36 3325 
29 37 3280 
29 38 2560 
29 39 2425 
29 40 4465 
29 41 4420 
29 42 4645 
29 58 405 
29 59 865 
29 60 1175 
29 61 2095 
29 62 2425 
29 63 3235 
29 64 3565 
29 65 4375 
29 66 4705 
29 67 5605 
29 68 5835 
29 69 6645 
29 70 6645 
29 94 1220 
29 95 1265 
29 96 1355 
29 97 1850 
29 98 1810 
29 99 3085 
29 100 2995 
29 101 2950 
29 102 2230 
29 103 2095 
29 104 4135 
29 105 4090 
29 106 4975 
29 107 405 
30 31 45 
30 32 135 
30 33 630 
30 34 1210 
30 35 2595 
30 36 2505 
30 37 2460 
30 38 1740 
30 39 1605 
30 40 3645 
30 41 3600 
30 42 3825 
30 60 355 
30 61 1275 
30 62 1605 
30 63 2415 
30 64 2745 
30 65 3555 
30 66 3885 
30 67 4785 
30 68 5015 
30 69 5825 
30 70 5825 
30 94 310 
30 95 355 
30 96 445 
30 97 940 
30 98 900 
30 99 2265 
30 100 2175 
30 101 2130 
30 102 1410 
30 103 1275 
30 104 3315 
30 105 3270 
30 106 4155 
30 107 355 
31 32 90 
31 33 585 
31 34 1165 
31 35 2640 
31 36 2550 
31 37 2505 
31 38 1785 
31 39 1650 
31 40 3690 
31 41 3645 
31 42 3870 
31 60 400 
31 61 1320 
31 62 1650 
31 63 2460 
31 64 2790 
31 65 3600 
31 66 3930 
31 67 4830 
31 68 5060 
31 69 5870 
31 70 5870 
31 94 355 
31 95 310 
31 96 400 
31 97 895 
31 98 855 
31 99 2310 
31 100 2220 
31 101 2175 
31 102 1455 
31 103 1320 
31 104 3360 
31 105 3315 
31 106 4200 
31 107 400 
32 33 495 
32 34 1075 
32 35 2730 
32 36 2640 
32 37 2595 
32 38 1875 
32 39 1740 
32 40 3780 
32 41 3735 
32 42 3960 
32 60 490 
32 61 1410 
32 62 1740 
32 63 2550 
32 64 2880 
32 65 3690 
32 66 4020 
32 67 4920 
32 68 5150 
32 69 5960 
32 70 5960 
32 94 445 
32 95 400 
32 96 310 
32 97 805 
32 98 765 
32 99 2400 
32 100 2310 
32 101 2265 
32 102 1545 
32 103 1410 
32 104 3450 
32 105 3405 
32 106 4290 
32 107 490 
33 34 580 
33 35 3225 
33 36 3135 
33 37 3090 
33 38 2370 
33 39 2235 
33 40 4275 
33 41 4230 
33 42 4455 
33 60 985 
33 61 1905 
33 62 2235 
33 63 3045 
33 64 3375 
33 65 4185 
33 66 4515 
33 67 5415 
33 68 5645 
33 69 6455 
33 70 6455 
33 94 940 
33 95 895 
33 96 805 
33 97 310 
33 98 270 
33 99 2895 
33 100 2805 
33 101 2760 
33 102 2040 
33 103 1905 
33 104 3945 
33 105 3900 
33 106 4785 
33 107 985 
34 35 3185 
34 36 3095 
34 37 3050 
34 38 2330 
34 39 2195 
34 40 4235 
34 41 4190 
34 42 4415 
34 60 945 
34 61 1865 
34 62 2195 
34 63 3005 
34 64 3335 
34 65 4145 
34 66 4475 
34 67 5375 
34 68 5605 
34 69 6415 
34 70 6415 
34 94 900 
34 95 855 
34 96 765 
34 97 270 
34 99 2855 
34 100 2765 
34 101 2720 
34 102 2000 
34 103 1865 
34 104 3905 
34 105 3860 
34 106 4745 
34 107 945 
35 36 90 
35 37 135 
35 38 855 
35 39 990 
35 40 3030 
35 41 2985 
35 42 3210 
35 62 990 
35 63 1800 
35 64 2130 
35 65 2940 
35 66 3270 
35 67 4170 
35 68 4400 
35 69 5210 
35 70 5210 
35 104 2700 
35 105 2655 
35 106 3540 
35 107 990 
36 37 45 
36 38 765 
36 39 900 
36 40 2940 
36 41 2895 
36 42 3120 
36 62 900 
36 63 1710 
36 64 2040 
36 65 2850 
36 66 3180 
36 67 4080 
36 68 4310 
36 69 5120 
36 70 5120 
36 104 2610 
36 105 2565 
36 106 3450 
36 107 900 
37 38 720 
37 39 855 
37 40 2895 
37 41 2850 
37 42 3075 
37 62 855 
37 63 1665 
37 64 1995 
37 65 2805 
37 66 3135 
37 67 4035 
37 68 4265 
37 69 5075 
37 70 5075 
37 104 2565 
37 105 2520 
37 106 3405 
37 107 855 
38 39 135 
38 40 2175 
38 41 2130 
38 42 2355 
38 62 135 
38 63 945 
38 64 1275 
38 65 2085 
38 66 2415 
38 67 3315 
38 68 3545 
38 69 4355 
38 70 4355 
38 104 1845 
38 105 1800 
38 106 2685 
38 107 135 
39 40 2040 
39 41 1995 
39 42 2220 
39 62 0 
39 63 810 
39 64 1140 
39 65 1950 
39 66 2280 
39 67 3180 
39 68 3410 
39 69 4220 
39 70 4220 
39 104 1710 
39 105 1665 
39 106 2550 
39 107 0 
40 41 45 
40 42 1980 
40 64 900 
40 65 1710 
40 66 2040 
40 67 2940 
40 68 3170 
40 69 3980 
40 70 3980 
40 106 2310 
40 107 900 
41 42 1935 
41 64 855 
41 65 1665 
41 66 1995 
41 67 2895 
41 68 3125 
41 69 3935 
41 70 3935 
41 106 2265 
41 107 855 
42 66 600 
42 67 1500 
42 68 1730 
42 69 2540 
42 70 2540 
42 106 330 
42 107 600 
43 1 450 
43 2 630 
43 3 990 
43 4 825 
43 5 780 
43 6 735 
43 7 555 
43 8 420 
43 9 1740 
43 10 2700 
43 11 2880 
43 12 3510 
43 13 3210 
43 14 3075 
43 15 3030 
43 16 2985 
43 17 2805 
43 18 3975 
43 19 4110 
43 20 4080 
43 21 4035 
43 22 6150 
43 23 6060 
43 24 5745 
43 25 7155 
43 26 6480 
43 27 6435 
43 28 8750 
43 29 8525 
43 30 8625 
43 31 8670 
43 32 8760 
43 33 9255 
43 34 9835 
43 35 11130 
43 36 11040 
43 37 10995 
43 38 10275 
43 39 10140 
43 40 12180 
43 41 12135 
43 42 12360 
43 44 330 
43 45 1290 
43 46 1620 
43 47 2430 
43 48 2760 
43 49 3570 
43 50 3900 
43 51 4710 
43 52 5160 
43 53 5970 
43 54 6300 
43 55 6620 
43 56 6900 
43 57 7890 
43 58 8120 
43 59 8580 
43 60 8890 
43 61 9810 
43 62 10140 
43 63 10950 
43 64 11280 
43 65 12090 
43 66 12420 
43 67 13320 
43 68 13550 
43 69 14360 
43 70 14360 
43 71 960 
43 72 1320 
43 73 495 
43 74 405 
43 75 225 
43 76 90 
43 77 2070 
43 78 3840 
43 79 2745 
43 80 2655 
43 81 2475 
43 82 4305 
43 83 4440 
43 84 3750 
43 85 3705 
43 86 5700 
43 87 5610 
43 88 5295 
43 89 6825 
43 90 6150 
43 91 6105 
43 92 8520 
43 93 8295 
43 94 8935 
43 95 8980 
43 96 9070 
43 97 9565 
43 98 9525 
43 99 10800 
43 100 10710 
43 101 10665 
43 102 9945 
43 103 9810 
43 104 11850 
43 105 11805 
43 106 12690 
43 107 330 
44 9 1410 
44 10 2370 
44 11 2550 
44 12 3180 
44 13 2880 
44 14 2745 
44 15 2700 
44 16 2655 
44 17 2475 
44 18 3645 
44 19 3780 
44 20 3750 
44 21 3705 
44 22 5820 
44 23 5730 
44 24 5415 
44 25 6825 
44 26 6150 
44 27 6105 
44 28 8420 
44 29 8195 
44 30 8295 
44 31 8340 
44 32 8430 
44 33 8925 
44 34 9505 
44 35 10800 
44 36 10710 
44 37 10665 
44 38 9945 
44 39 9810 
44 40 11850 
44 41 11805 
44 42 12030 
44 45 960 
44 46 1290 
44 47 2100 
44 48 2430 
44 49 3240 
44 50 3570 
44 51 4380 
44 52 4830 
44 53 5640 
44 54 5970 
44 55 6290 
44 56 6570 
44 57 7560 
44 58 7790 
44 59 8250 
44 60 8560 
44 61 9480 
44 62 9810 
44 63 10620 
44 64 10950 
44 65 11760 
44 66 12090 
44 67 12990 
44 68 13220 
44 69 14030 
44 70 14030 
44 77 1740 
44 78 3510 
44 79 2415 
44 80 2325 
44 81 2145 
44 82 3975 
44 83 4110 
44 84 3420 
44 85 3375 
44 86 5370 
44 87 5280 
44 88 4965 
44 89 6495 
44 90 5820 
44 91 5775 
44 92 8190 
44 93 7965 
44 94 8605 
44 95 8650 
44 96 8740 
44 97 9235 
44 98 9195 
44 99 10470 
44 100 10380 
44 101 10335 
44 102 9615 
44 103 9480 
44 104 11520 
44 105 11475 
44 106 12360 
44 107 0 
45 9 450 
45 10 1410 
45 11 1590 
45 12 2220 
45 13 1920 
45 14 1785 
45 15 1740 
45 16 1695 
45 17 1515 
45 18 2685 
45 19 2820 
45 20 2790 
45 21 2745 
45 22 4860 
45 23 4770 
45 24 4455 
45 25 5865 
45 26 5190 
45 27 5145 
45 28 7460 
45 29 7235 
45 30 7335 
45 31 7380 
45 32 7470 
45 33 7965 
45 34 8545 
45 35 9840 
45 36 9750 
45 37 9705 
45 38 8985 
45 39 8850 
45 40 10890 
45 41 10845 
45 42 11070 
45 46 330 
45 47 1140 
45 48 1470 
45 49 2280 
45 50 2610 
45 51 3420 
45 52 3870 
45 53 4680 
45 54 5010 
45 55 5330 
45 56 5610 
45 57 6600 
45 58 6830 
45 59 7290 
45 60 7600 
45 61 8520 
45 62 8850 
45 63 9660 
45 64 9990 
45 65 10800 
45 66 11130 
45 67 12030 
45 68 12260 
45 69 13070 
45 70 13070 
45 77 780 
45 78 2550 
45 79 1455 
45 80 1365 
45 81 1185 
45 82 3015 
45 83 3150 
45 84 2460 
45 85 2415 
45 86 4410 
45 87 4320 
45 88 4005 
45 89 5535 
45 90 4860 
45 91 4815 
45 92 7230 
45 93 7005 
45 94 7645 
45 95 7690 
45 96 7780 
45 97 8275 
45 98 8235 
45 99 9510 
45 100 9420 
45 101 9375 
45 102 8655 
45 103 8520 
45 104 10560 
45 105 10515 
45 106 11400 
45 107 330 
46 10 1080 
46 11 1260 
46 12 1890 
46 13 1590 
46 14 1455 
46 15 1410 
46 16 1365 
46 17 1185 
46 18 2355 
46 19 2490 
46 20 2460 
46 21 2415 
46 22 4530 
46 23 4440 
46 24 4125 
46 25 5535 
46 26 4860 
46 27 4815 
46 28 7130 
46 29 6905 
46 30 7005 
46 31 7050 
46 32 7140 
46 33 7635 
46 34 8215 
46 35 9510 
46 36 9420 
46 37 9375 
46 38 8655 
46 39 8520 
46 40 10560 
46 41 10515 
46 42 10740 
46 47 810 
46 48 1140 
46 49 1950 
46 50 2280 
46 51 3090 
46 52 3540 
46 53 4350 
46 54 4680 
46 55 5000 
46 56 5280 
46 57 6270 
46 58 6500 
46 59 6960 
46 60 7270 
46 61 8190 
46 62 8520 
46 63 9330 
46 64 9660 
46 65 10470 
46 66 10800 
46 67 11700 
46 68 11930 
46 69 12740 
46 70 12740 
46 78 2220 
46 79 1125 
46 80 1035 
46 81 855 
46 82 2685 
46 83 2820 
46 84 2130 
46 85 2085 
46 86 4080 
46 87 3990 
46 88 3675 
46 89 5205 
46 90 4530 
46 91 4485 
46 92 6900 
46 93 6675 
46 94 7315 
46 95 7360 
46 96 7450 
46 97 7945 
46 98 7905 
46 99 9180 
46 100 9090 
46 101 9045 
46 102 8325 
46 103 8190 
46 104 10230 
46 105 10185 
46 106 11070 
46 107 0 
47 10 270 
47 11 450 
47 12 1080 
47 13 780 
47 14 645 
47 15 600 
47 16 555 
47 17 375 
47 18 1545 
47 19 1680 
47 20 1650 
47 21 1605 
47 22 3720 
47 23 3630 
47 24 3315 
47 25 4725 
47 26 4050 
47 27 4005 
47 28 6320 
47 29 6095 
47 30 6195 
47 31 6240 
47 32 6330 
47 33 6825 
47 34 7405 
47 35 8700 
47 36 8610 
47 37 8565 
47 38 7845 
47 39 7710 
47 40 9750 
47 41 9705 
47 42 9930 
47 48 330 
47 49 1140 
47 50 1470 
47 51 2280 
47 52 2730 
47 53 3540 
47 54 3870 
47 55 4190 
47 56 4470 
47 57 5460 
47 58 5690 
47 59 6150 
47 60 6460 
47 61 7380 
47 62 7710 
47 63 8520 
47 64 8850 
47 65 9660 
47 66 9990 
47 67 10890 
47 68 11120 
47 69 11930 
47 70 11930 
47 78 1410 
47 79 315 
47 80 225 
47 81 45 
47 82 1875 
47 83 2010 
47 84 1320 
47 85 1275 
47 86 3270 
47 87 3180 
47 88 2865 
47 89 4395 
47 90 3720 
47 91 3675 
47 92 6090 
47 93 5865 
47 94 6505 
47 95 6550 
47 96 6640 
47 97 7135 
47 98 7095 
47 99 8370 
47 100 8280 
47 101 8235 
47 102 7515 
47 103 7380 
47 104 9420 
47 105 9375 
47 106 10260 
47 107 330 
48 18 1215 
48 19 1350 
48 20 1320 
48 21 1275 
48 22 3390 
48 23 3300 
48 24 2985 
48 25 4395 
48 26 3720 
48 27 3675 
48 28 5990 
48 29 5765 
48 30 5865 
48 31 5910 
48 32 6000 
48 33 6495 
48 34 7075 
48 35 8370 
48 36 8280 
48 37 8235 
48 38 7515 
48 39 7380 
48 40 9420 
48 41 9375 
48 42 9600 
48 49 810 
48 50 1140 
48 51 1950 
48 52 2400 
48 53 3210 
48 54 3540 
48 55 3860 
48 56 4140 
48 57 5130 
48 58 5360 
48 59 5820 
48 60 6130 
48 61 7050 
48 62 7380 
48 63 8190 
48 64 8520 
48 65 9330 
48 66 9660 
48 67 10560 
48 68 10790 
48 69 11600 
48 70 11600 
48 82 1545 
48 83 1680 
48 84 990 
48 85 945 
48 86 2940 
48 87 2850 
48 88 2535 
48 89 4065 
48 90 3390 
48 91 3345 
48 92 5760 
48 93 5535 
48 94 6175 
48 95 6220 
48 96 6310 
48 97 6805 
48 98 6765 
48 99 8040 
48 100 7950 
48 101 7905 
48 102 7185 
48 103 7050 
48 104 9090 
48 105 9045 
48 106 9930 
48 107 0 
49 18 405 
49 19 540 
49 20 510 
49 21 465 
49 22 2580 
49 23 2490 
49 24 2175 
49 25 3585 
49 26 2910 
49 27 2865 
49 28 5180 
49 29 4955 
49 30 5055 
49 31 5100 
49 32 5190 
49 33 5685 
49 34 6265 
49 35 7560 
49 36 7470 
49 37 7425 
49 38 6705 
49 39 6570 
49 40 8610 
49 41 8565 
49 42 8790 
49 50 330 
49 51 1140 
49 52 1590 
49 53 2400 
49 54 2730 
49 55 3050 
49 56 3330 
49 57 4320 
49 58 4550 
49 59 5010 
49 60 5320 
49 61 6240 
49 62 6570 
49 63 7380 
49 64 7710 
49 65 8520 
49 66 8850 
49 67 9750 
49 68 9980 
49 69 10790 
49 70 10790 
49 82 735 
49 83 870 
49 84 180 
49 85 135 
49 86 2130 
49 87 2040 
49 88 1725 
49 89 3255 
49 90 2580 
49 91 2535 
49 92 4950 
49 93 4725 
49 94 5365 
49 95 5410 
49 96 5500 
49 97 5995 
49 98 5955 
49 99 7230 
49 100 7140 
49 101 7095 
49 102 6375 
49 103 6240 
49 104 8280 
49 105 8235 
49 106 9120 
49 107 330 
50 22 2250 
50 23 2160 
50 24 1845 
50 25 3255 
50 26 2580 
50 27 2535 
50 28 4850 
50 29 4625 
50 30 4725 
50 31 4770 
50 32 4860 
50 33 5355 
50 34 5935 
50 35 7230 
50 36 7140 
50 37 7095 
50 38 6375 
50 39 6240 
50 40 8280 
50 41 8235 
50 42 8460 
50 51 810 
50 52 1260 
50 53 2070 
50 54 2400 
50 55 2720 
50 56 3000 
50 57 3990 
50 58 4220 
50 59 4680 
50 60 4990 
50 61 5910 
50 62 6240 
50 63 7050 
50 64 7380 
50 65 8190 
50 66 8520 
50 67 9420 
50 68 9650 
50 69 10460 
50 70 10460 
50 86 1800 
50 87 1710 
50 88 1395 
50 89 2925 
50 90 2250 
50 91 2205 
50 92 4620 
50 93 4395 
50 94 5035 
50 95 5080 
50 96 5170 
50 97 5665 
50 98 5625 
50 99 6900 
50 100 6810 
50 101 6765 
50 102 6045 
50 103 5910 
50 104 7950 
50 105 7905 
50 106 8790 
50 107 0 
51 22 1440 
51 23 1350 
51 24 1035 
51 25 2445 
51 26 1770 
51 27 1725 
51 28 4040 
51 29 3815 
51 30 3915 
51 31 3960 
51 32 4050 
51 33 4545 
51 34 5125 
51 35 6420 
51 36 6330 
51 37 6285 
51 38 5565 
51 39 5430 
51 40 7470 
51 41 7425 
51 42 7650 
51 52 450 
51 53 1260 
51 54 1590 
51 55 1910 
51 56 2190 
51 57 3180 
51 58 3410 
51 59 3870 
51 60 4180 
51 61 5100 
51 62 5430 
51 63 6240 
51 64 6570 
51 65 7380 
51 66 7710 
51 67 8610 
51 68 8840 
51 69 9650 
51 70 9650 
51 86 990 
51 87 900 
51 88 585 
51 89 2115 
51 90 1440 
51 91 1395 
51 92 3810 
51 93 3585 
51 94 4225 
51 95 4270 
51 96 4360 
51 97 4855 
51 98 4815 
51 99 6090 
51 100 6000 
51 101 5955 
51 102 5235 
51 103 5100 
51 104 7140 
51 105 7095 
51 106 7980 
51 107 450 
52 25 1995 
52 26 1320 
52 27 1275 
52 28 3590 
52 29 3365 
52 30 3465 
52 31 3510 
52 32 3600 
52 33 4095 
52 34 4675 
52 35 5970 
52 36 5880 
52 37 5835 
52 38 5115 
52 39 4980 
52 40 7020 
52 41 6975 
52 42 7200 
52 53 810 
52 54 1140 
52 55 1460 
52 56 1740 
52 57 2730 
52 58 2960 
52 59 3420 
52 60 3730 
52 61 4650 
52 62 4980 
52 63 5790 
52 64 6120 
52 65 6930 
52 66 7260 
52 67 8160 
52 68 8390 
52 69 9200 
52 70 9200 
52 89 1665 
52 90 990 
52 91 945 
52 92 3360 
52 93 3135 
52 94 3775 
52 95 3820 
52 96 3910 
52 97 4405 
52 98 4365 
52 99 5640 
52 100 5550 
52 101 5505 
52 102 4785 
52 103 4650 
52 104 6690 
52 105 6645 
52 106 7530 
52 107 0 
53 25 1185 
53 26 510 
53 27 465 
53 28 2780 
53 29 2555 
53 30 2655 
53 31 2700 
53 32 2790 
53 33 3285 
53 34 3865 
53 35 5160 
53 36 5070 
53 37 5025 
53 38 4305 
53 39 4170 
53 40 6210 
53 41 6165 
53 42 6390 
53 54 330 
53 55 650 
53 56 930 
53 57 1920 
53 58 2150 
53 59 2610 
53 60 2920 
53 61 3840 
53 62 4170 
53 63 4980 
53 64 5310 
53 65 6120 
53 66 6450 
53 67 7350 
53 68 7580 
53 69 8390 
53 70 8390 
53 89 855 
53 90 180 
53 91 135 
53 92 2550 
53 93 2325 
53 94 2965 
53 95 3010 
53 96 3100 
53 97 3595 
53 98 3555 
53 99 4830 
53 100 4740 
53 101 4695 
53 102 3975 
53 103 3840 
53 104 5880 
53 105 5835 
53 106 6720 
53 107 330 
54 28 2450 
54 29 2225 
54 30 2325 
54 31 2370 
54 32 2460 
54 33 2955 
54 34 3535 
54 35 4830 
54 36 4740 
54 37 4695 
54 38 3975 
54 39 3840 
54 40 5880 
54 41 5835 
54 42 6060 
54 55 320 
54 56 600 
54 57 1590 
54 58 1820 
54 59 2280 
54 60 2590 
54 61 3510 
54 62 3840 
54 63 4650 
54 64 4980 
54 65 5790 
54 66 6120 
54 67 7020 
54 68 7250 
54 69 8060 
54 70 8060 
54 92 2220 
54 93 1995 
54 94 2635 
54 95 2680 
54 96 2770 
54 97 3265 
54 98 3225 
54 99 4500 
54 100 4410 
54 101 4365 
54 102 3645 
54 103 3510 
54 104 5550 
54 105 5505 
54 106 6390 
54 107 0 
55 28 2130 
55 29 1905 
55 30 2005 
55 31 2050 
55 32 2140 
55 33 2635 
55 34 3215 
55 35 4510 
55 36 4420 
55 37 4375 
55 38 3655 
55 39 3520 
55 40 5560 
55 41 5515 
55 42 5740 
55 56 280 
55 57 1270 
55 58 1500 
55 59 1960 
55 60 2270 
55 61 3190 
55 62 3520 
55 63 4330 
55 64 4660 
55 65 5470 
55 66 5800 
55 67 6700 
55 68 6930 
55 69 7740 
55 70 7740 
55 92 1900 
55 93 1675 
55 94 2315 
55 95 2360 
55 96 2450 
55 97 2945 
55 98 2905 
55 99 4180 
55 100 4090 
55 101 4045 
55 102 3325 
55 103 3190 
55 104 5230 
55 105 5185 
55 106 6070 
55 107 280 
56 28 1850 
56 29 1625 
56 30 1725 
56 31 1770 
56 32 1860 
56 33 2355 
56 34 2935 
56 35 4230 
56 36 4140 
56 37 4095 
56 38 3375 
56 39 3240 
56 40 5280 
56 41 5235 
56 42 5460 
56 57 990 
56 58 1220 
56 59 1680 
56 60 1990 
56 61 2910 
56 62 3240 
56 63 4050 
56 64 4380 
56 65 5190 
56 66 5520 
56 67 6420 
56 68 6650 
56 69 7460 
56 70 7460 
56 92 1620 
56 93 1395 
56 94 2035 
56 95 2080 
56 96 2170 
56 97 2665 
56 98 2625 
56 99 3900 
56 100 3810 
56 101 3765 
56 102 3045 
56 103 2910 
56 104 4950 
56 105 4905 
56 106 5790 
56 107 0 
57 28 860 
57 29 635 
57 30 735 
57 31 780 
57 32 870 
57 33 1365 
57 34 1945 
57 35 3240 
57 36 3150 
57 37 3105 
57 38 2385 
57 39 2250 
57 40 4290 
57 41 4245 
57 42 4470 
57 58 230 
57 59 690 
57 60 1000 
57 61 1920 
57 62 2250 
57 63 3060 
57 64 3390 
57 65 4200 
57 66 4530 
57 67 5430 
57 68 5660 
57 69 6470 
57 70 6470 
57 92 630 
57 93 405 
57 94 1045 
57 95 1090 
57 96 1180 
57 97 1675 
57 98 1635 
57 99 2910 
57 100 2820 
57 101 2775 
57 102 2055 
57 103 1920 
57 104 3960 
57 105 3915 
57 106 4800 
57 107 230 
58 30 505 
58 31 550 
58 32 640 
58 33 1135 
58 34 1715 
58 35 3010 
58 36 2920 
58 37 2875 
58 38 2155 
58 39 2020 
58 40 4060 
58 41 4015 
58 42 4240 
58 59 460 
58 60 770 
58 61 1690 
58 62 2020 
58 63 2830 
58 64 3160 
58 65 3970 
58 66 4300 
58 67 5200 
58 68 5430 
58 69 6240 
58 70 6240 
58 94 815 
58 95 860 
58 96 950 
58 97 1445 
58 98 1405 
58 99 2680 
58 100 2590 
58 101 2545 
58 102 1825 
58 103 1690 
58 104 3730 
58 105 3685 
58 106 4570 
58 107 0 
59 30 45 
59 31 90 
59 32 180 
59 33 675 
59 34 1255 
59 35 2550 
59 36 2460 
59 37 2415 
59 38 1695 
59 39 1560 
59 40 3600 
59 41 3555 
59 42 3780 
59 60 310 
59 61 1230 
59 62 1560 
59 63 2370 
59 64 2700 
59 65 3510 
59 66 3840 
59 67 4740 
59 68 4970 
59 69 5780 
59 70 5780 
59 94 355 
59 95 400 
59 96 490 
59 97 985 
59 98 945 
59 99 2220 
59 100 2130 
59 101 2085 
59 102 1365 
59 103 1230 
59 104 3270 
59 105 3225 
59 106 4110 
59 107 310 
60 35 2240 
60 36 2150 
60 37 2105 
60 38 1385 
60 39 1250 
60 40 3290 
60 41 3245 
60 42 3470 
60 61 920 
60 62 1250 
60 63 2060 
60 64 2390 
60 65 3200 
60 66 3530 
60 67 4430 
60 68 4660 
60 69 5470 
60 70 5470 
60 99 1910 
60 100 1820 
60 101 1775 
60 102 1055 
60 103 920 
60 104 2960 
60 105 2915 
60 106 3800 
60 107 0 
61 35 1320 
61 36 1230 
61 37 1185 
61 38 465 
61 39 330 
61 40 2370 
61 41 2325 
61 42 2550 
61 62 330 
61 63 1140 
61 64 1470 
61 65 2280 
61 66 2610 
61 67 3510 
61 68 3740 
61 69 4550 
61 70 4550 
61 99 990 
61 100 900 
61 101 855 
61 102 135 
61 103 0 
61 104 2040 
61 105 1995 
61 106 2880 
61 107 330 
62 40 2040 
62 41 1995 
62 42 2220 
62 63 810 
62 64 1140 
62 65 1950 
62 66 2280 
62 67 3180 
62 68 3410 
62 69 4220 
62 70 4220 
62 104 1710 
62 105 1665 
62 106 2550 
62 107 0 
63 40 1230 
63 41 1185 
63 42 1410 
63 64 330 
63 65 1140 
63 66 1470 
63 67 2370 
63 68 2600 
63 69 3410 
63 70 3410 
63 104 900 
63 105 855 
63 106 1740 
63 107 330 
64 42 1080 
64 65 810 
64 66 1140 
64 67 2040 
64 68 2270 
64 69 3080 
64 70 3080 
64 106 1410 
64 107 0 
65 42 270 
65 66 330 
65 67 1230 
65 68 1460 
65 69 2270 
65 70 2270 
65 106 600 
65 107 330 
66 67 900 
66 68 1130 
66 69 1940 
66 70 1940 
66 107 0 
67 68 230 
67 69 1040 
67 70 1040 
67 107 230 
68 69 810 
68 70 810 
68 107 0 
69 70 0 
69 107 0 
70 107 0 
71 4 135 
71 5 180 
71 6 225 
71 7 405 
71 8 540 
71 9 2040 
71 10 3000 
71 11 3180 
71 12 3810 
71 13 3510 
71 14 3375 
71 15 3330 
71 16 3285 
71 17 3105 
71 18 4275 
71 19 4410 
71 20 4380 
71 21 4335 
71 22 6450 
71 23 6360 
71 24 6045 
71 25 7455 
71 26 6780 
71 27 6735 
71 28 9050 
71 29 8825 
71 30 8925 
71 31 8970 
71 32 9060 
71 33 9555 
71 34 10135 
71 35 11430 
71 36 11340 
71 37 11295 
71 38 10575 
71 39 10440 
71 40 12480 
71 41 12435 
71 42 12660 
71 44 630 
71 45 1590 
71 46 1920 
71 47 2730 
71 48 3060 
71 49 3870 
71 50 4200 
71 51 5010 
71 52 5460 
71 53 6270 
71 54 6600 
71 55 6920 
71 56 7200 
71 57 8190 
71 58 8420 
71 59 8880 
71 60 9190 
71 61 10110 
71 62 10440 
71 63 11250 
71 64 11580 
71 65 12390 
71 66 12720 
71 67 13620 
71 68 13850 
71 69 14660 
71 70 14660 
71 77 2370 
71 78 4140 
71 79 3045 
71 80 2955 
71 81 2775 
71 82 4605 
71 83 4740 
71 84 4050 
71 85 4005 
71 86 6000 
71 87 5910 
71 88 5595 
71 89 7125 
71 90 6450 
71 91 6405 
71 92 8820 
71 93 8595 
71 94 9235 
71 95 9280 
71 96 9370 
71 97 9865 
71 98 9825 
71 99 11100 
71 100 11010 
71 101 10965 
71 102 10245 
71 103 10110 
71 104 12150 
71 105 12105 
71 106 12990 
71 107 630 
72 4 495 
72 5 540 
72 6 585 
72 7 765 
72 8 900 
72 9 2400 
72 10 3360 
72 11 3540 
72 12 4170 
72 13 3870 
72 14 3735 
72 15 3690 
72 16 3645 
72 17 3465 
72 18 4635 
72 19 4770 
72 20 4740 
72 21 4695 
72 22 6810 
72 23 6720 
72 24 6405 
72 25 7815 
72 26 7140 
72 27 7095 
72 28 9410 
72 29 9185 
72 30 9285 
72 31 9330 
72 32 9420 
72 33 9915 
72 34 10495 
72 35 11790 
72 36 11700 
72 37 11655 
72 38 10935 
72 39 10800 
72 40 12840 
72 41 12795 
72 42 13020 
72 44 990 
72 45 1950 
72 46 2280 
72 47 3090 
72 48 3420 
72 49 4230 
72 50 4560 
72 51 5370 
72 52 5820 
72 53 6630 
72 54 6960 
72 55 7280 
72 56 7560 
72 57 8550 
72 58 8780 
72 59 9240 
72 60 9550 
72 61 10470 
72 62 10800 
72 63 11610 
72 64 11940 
72 65 12750 
72 66 13080 
72 67 13980 
72 68 14210 
72 69 15020 
72 70 15020 
72 71 360 
72 77 2730 
72 78 4500 
72 79 3405 
72 80 3315 
72 81 3135 
72 82 4965 
72 83 5100 
72 84 4410 
72 85 4365 
72 86 6360 
72 87 6270 
72 88 5955 
72 89 7485 
72 90 6810 
72 91 6765 
72 92 9180 
72 93 8955 
72 94 9595 
72 95 9640 
72 96 9730 
72 97 10225 
72 98 10185 
72 99 11460 
72 100 11370 
72 101 11325 
72 102 10605 
72 103 10470 
72 104 12510 
72 105 12465 
72 106 13350 
72 107 990 
73 2 135 
73 3 495 
73 4 330 
73 5 375 
73 6 420 
73 7 600 
73 8 735 
73 9 2235 
73 10 3195 
73 11 3375 
73 12 4005 
73 13 3705 
73 14 3570 
73 15 3525 
73 16 3480 
73 17 3300 
73 18 4470 
73 19 4605 
73 20 4575 
73 21 4530 
73 22 6645 
73 23 6555 
73 24 6240 
73 25 7650 
73 26 6975 
73 27 6930 
73 28 9245 
73 29 9020 
73 30 9120 
73 31 9165 
73 32 9255 
73 33 9750 
73 34 10330 
73 35 11625 
73 36 11535 
73 37 11490 
73 38 10770 
73 39 10635 
73 40 12675 
73 41 12630 
73 42 12855 
73 44 825 
73 45 1785 
73 46 2115 
73 47 2925 
73 48 3255 
73 49 4065 
73 50 4395 
73 51 5205 
73 52 5655 
73 53 6465 
73 54 6795 
73 55 7115 
73 56 7395 
73 57 8385 
73 58 8615 
73 59 9075 
73 60 9385 
73 61 10305 
73 62 10635 
73 63 11445 
73 64 11775 
73 65 12585 
73 66 12915 
73 67 13815 
73 68 14045 
73 69 14855 
73 70 14855 
73 71 465 
73 72 825 
73 77 2565 
73 78 4335 
73 79 3240 
73 80 3150 
73 81 2970 
73 82 4800 
73 83 4935 
73 84 4245 
73 85 4200 
73 86 6195 
73 87 6105 
73 88 5790 
73 89 7320 
73 90 6645 
73 91 6600 
73 92 9015 
73 93 8790 
73 94 9430 
73 95 9475 
73 96 9565 
73 97 10060 
73 98 10020 
73 99 11295 
73 100 11205 
73 101 11160 
73 102 10440 
73 103 10305 
73 104 12345 
73 105 12300 
73 106 13185 
73 107 825 
74 1 45 
74 2 225 
74 3 585 
74 4 420 
74 5 375 
74 6 330 
74 7 510 
74 8 645 
74 9 2145 
74 10 3105 
74 11 3285 
74 12 3915 
74 13 3615 
74 14 3480 
74 15 3435 
74 16 3390 
74 17 3210 
74 18 4380 
74 19 4515 
74 20 4485 
74 21 4440 
74 22 6555 
74 23 6465 
74 24 6150 
74 25 7560 
74 26 6885 
74 27 6840 
74 28 9155 
74 29 8930 
74 30 9030 
74 31 9075 
74 32 9165 
74 33 9660 
74 34 10240 
74 35 11535 
74 36 11445 
74 37 11400 
74 38 10680 
74 39 10545 
74 40 12585 
74 41 12540 
74 42 12765 
74 44 735 
74 45 1695 
74 46 2025 
74 47 2835 
74 48 3165 
74 49 3975 
74 50 4305 
74 51 5115 
74 52 5565 
74 53 6375 
74 54 6705 
74 55 7025 
74 56 7305 
74 57 8295 
74 58 8525 
74 59 8985 
74 60 9295 
74 61 10215 
74 62 10545 
74 63 11355 
74 64 11685 
74 65 12495 
74 66 12825 
74 67 13725 
74 68 13955 
74 69 14765 
74 70 14765 
74 71 555 
74 72 915 
74 73 90 
74 77 2475 
74 78 4245 
74 79 3150 
74 80 3060 
74 81 2880 
74 82 4710 
74 83 4845 
74 84 4155 
74 85 4110 
74 86 6105 
74 87 6015 
74 88 5700 
74 89 7230 
74 90 6555 
74 91 6510 
74 92 8925 
74 93 8700 
74 94 9340 
74 95 9385 
74 96 9475 
74 97 9970 
74 98 9930 
74 99 11205 
74 100 11115 
74 101 11070 
74 102 10350 
74 103 10215 
74 104 12255 
74 105 12210 
74 106 13095 
74 107 735 
75 1 225 
75 2 405 
75 3 765 
75 4 600 
75 5 555 
75 6 510 
75 7 330 
75 8 465 
75 9 1965 
75 10 2925 
75 11 3105 
75 12 3735 
75 13 3435 
75 14 3300 
75 15 3255 
75 16 3210 
75 17 3030 
75 18 4200 
75 19 4335 
75 20 4305 
75 21 4260 
75 22 6375 
75 23 6285 
75 24 5970 
75 25 7380 
75 26 6705 
75 27 6660 
75 28 8975 
75 29 8750 
75 30 8850 
75 31 8895 
75 32 8985 
75 33 9480 
75 34 10060 
75 35 11355 
75 36 11265 
75 37 11220 
75 38 10500 
75 39 10365 
75 40 12405 
75 41 12360 
75 42 12585 
75 44 555 
75 45 1515 
75 46 1845 
75 47 2655 
75 48 2985 
75 49 3795 
75 50 4125 
75 51 4935 
75 52 5385 
75 53 6195 
75 54 6525 
75 55 6845 
75 56 7125 
75 57 8115 
75 58 8345 
75 59 8805 
75 60 9115 
75 61 10035 
75 62 10365 
75 63 11175 
75 64 11505 
75 65 12315 
75 66 12645 
75 67 13545 
75 68 13775 
75 69 14585 
75 70 14585 
75 71 735 
75 72 1095 
75 73 270 
75 74 180 
75 77 2295 
75 78 4065 
75 79 2970 
75 80 2880 
75 81 2700 
75 82 4530 
75 83 4665 
75 84 3975 
75 85 3930 
75 86 5925 
75 87 5835 
75 88 5520 
75 89 7050 
75 90 6375 
75 91 6330 
75 92 8745 
75 93 8520 
75 94 9160 
75 95 9205 
75 96 9295 
75 97 9790 
75 98 9750 
75 99 11025 
75 100 10935 
75 101 10890 
75 102 10170 
75 103 10035 
75 104 12075 
75 105 12030 
75 106 12915 
75 107 555 
76 1 360 
76 2 540 
76 3 900 
76 4 735 
76 5 690 
76 6 645 
76 7 465 
76 8 330 
76 9 1830 
76 10 2790 
76 11 2970 
76 12 3600 
76 13 3300 
76 14 3165 
76 15 3120 
76 16 3075 
76 17 2895 
76 18 4065 
76 19 4200 
76 20 4170 
76 21 4125 
76 22 6240 
76 23 6150 
76 24 5835 
76 25 7245 
76 26 6570 
76 27 6525 
76 28 8840 
76 29 8615 
76 30 8715 
76 31 8760 
76 32 8850 
76 33 9345 
76 34 9925 
76 35 11220 
76 36 11130 
76 37 11085 
76 38 10365 
76 39 10230 
76 40 12270 
76 41 12225 
76 42 12450 
76 44 420 
76 45 1380 
76 46 1710 
76 47 2520 
76 48 2850 
76 49 3660 
76 50 3990 
76 51 4800 
76 52 5250 
76 53 6060 
76 54 6390 
76 55 6710 
76 56 6990 
76 57 7980 
76 58 8210 
76 59 8670 
76 60 8980 
76 61 9900 
76 62 10230 
76 63 11040 
76 64 11370 
76 65 12180 
76 66 12510 
76 67 13410 
76 68 13640 
76 69 14450 
76 70 14450 
76 71 870 
76 72 1230 
76 73 405 
76 74 315 
76 75 135 
76 77 2160 
76 78 3930 
76 79 2835 
76 80 2745 
76 81 2565 
76 82 4395 
76 83 4530 
76 84 3840 
76 85 3795 
76 86 5790 
76 87 5700 
76 88 5385 
76 89 6915 
76 90 6240 
76 91 6195 
76 92 8610 
76 93 8385 
76 94 9025 
76 95 9070 
76 96 9160 
76 97 9655 
76 98 9615 
76 99 10890 
76 100 10800 
76 101 10755 
76 102 10035 
76 103 9900 
76 104 11940 
76 105 11895 
76 106 12780 
76 107 420 
77 10 1530 
77 11 1710 
77 12 2340 
77 13 2040 
77 14 1905 
77 15 1860 
77 16 1815 
77 17 1635 
77 18 2805 
77 19 2940 
77 20 2910 
77 21 2865 
77 22 4980 
77 23 4890 
77 24 4575 
77 25 5985 
77 26 5310 
77 27 5265 
77 28 7580 
77 29 7355 
77 30 7455 
77 31 7500 
77 32 7590 
77 33 8085 
77 34 8665 
77 35 9960 
77 36 9870 
77 37 9825 
77 38 9105 
77 39 8970 
77 40 11010 
77 41 10965 
77 42 11190 
77 46 450 
77 47 1260 
77 48 1590 
77 49 2400 
77 50 2730 
77 51 3540 
77 52 3990 
77 53 4800 
77 54 5130 
77 55 5450 
77 56 5730 
77 57 6720 
77 58 6950 
77 59 7410 
77 60 7720 
77 61 8640 
77 62 8970 
77 63 9780 
77 64 10110 
77 65 10920 
77 66 11250 
77 67 12150 
77 68 12380 
77 69 13190 
77 70 13190 
77 78 2670 
77 79 1575 
77 80 1485 
77 81 1305 
77 82 3135 
77 83 3270 
77 84 2580 
77 85 2535 
77 86 4530 
77 87 4440 
77 88 4125 
77 89 5655 
77 90 4980 
77 91 4935 
77 92 7350 
77 93 7125 
77 94 7765 
77 95 7810 
77 96 7900 
77 97 8395 
77 98 8355 
77 99 9630 
77 100 9540 
77 101 9495 
77 102 8775 
77 103 8640 
77 104 10680 
77 105 10635 
77 106 11520 
77 107 450 
78 13 630 
78 14 765 
78 15 810 
78 16 855 
78 17 1035 
78 18 2295 
78 19 2430 
78 20 2400 
78 21 2355 
78 22 4470 
78 23 4380 
78 24 4065 
78 25 5475 
78 26 4800 
78 27 4755 
78 28 7070 
78 29 6845 
78 30 6945 
78 31 6990 
78 32 7080 
78 33 7575 
78 34 8155 
78 35 9450 
78 36 9360 
78 37 9315 
78 38 8595 
78 39 8460 
78 40 10500 
78 41 10455 
78 42 10680 
78 48 1080 
78 49 1890 
78 50 2220 
78 51 3030 
78 52 3480 
78 53 4290 
78 54 4620 
78 55 4940 
78 56 5220 
78 57 6210 
78 58 6440 
78 59 6900 
78 60 7210 
78 61 8130 
78 62 8460 
78 63 9270 
78 64 9600 
78 65 10410 
78 66 10740 
78 67 11640 
78 68 11870 
78 69 12680 
78 70 12680 
78 82 2625 
78 83 2760 
78 84 2070 
78 85 2025 
78 86 4020 
78 87 3930 
78 88 3615 
78 89 5145 
78 90 4470 
78 91 4425 
78 92 6840 
78 93 6615 
78 94 7255 
78 95 7300 
78 96 7390 
78 97 7885 
78 98 7845 
78 99 9120 
78 100 9030 
78 101 8985 
78 102 8265 
78 103 8130 
78 104 10170 
78 105 10125 
78 106 11010 
78 107 1080 
79 11 135 
79 12 765 
79 13 465 
79 14 330 
79 15 375 
79 16 420 
79 17 600 
79 18 1860 
79 19 1995 
79 20 1965 
79 21 1920 
79 22 4035 
79 23 3945 
79 24 3630 
79 25 5040 
79 26 4365 
79 27 4320 
79 28 6635 
79 29 6410 
79 30 6510 
79 31 6555 
79 32 6645 
79 33 7140 
79 34 7720 
79 35 9015 
79 36 8925 
79 37 8880 
79 38 8160 
79 39 8025 
79 40 10065 
79 41 10020 
79 42 10245 
79 48 645 
79 49 1455 
79 50 1785 
79 51 2595 
79 52 3045 
79 53 3855 
79 54 4185 
79 55 4505 
79 56 4785 
79 57 5775 
79 58 6005 
79 59 6465 
79 60 6775 
79 61 7695 
79 62 8025 
79 63 8835 
79 64 9165 
79 65 9975 
79 66 10305 
79 67 11205 
79 68 11435 
79 69 12245 
79 70 12245 
79 78 1095 
79 82 2190 
79 83 2325 
79 84 1635 
79 85 1590 
79 86 3585 
79 87 3495 
79 88 3180 
79 89 4710 
79 90 4035 
79 91 3990 
79 92 6405 
79 93 6180 
79 94 6820 
79 95 6865 
79 96 6955 
79 97 7450 
79 98 7410 
79 99 8685 
79 100 8595 
79 101 8550 
79 102 7830 
79 103 7695 
79 104 9735 
79 105 9690 
79 106 10575 
79 107 645 
80 10 45 
80 11 225 
80 12 855 
80 13 555 
80 14 420 
80 15 375 
80 16 330 
80 17 510 
80 18 1770 
80 19 1905 
80 20 1875 
80 21 1830 
80 22 3945 
80 23 3855 
80 24 3540 
80 25 4950 
80 26 4275 
80 27 4230 
80 28 6545 
80 29 6320 
80 30 6420 
80 31 6465 
80 32 6555 
80 33 7050 
80 34 7630 
80 35 8925 
80 36 8835 
80 37 8790 
80 38 8070 
80 39 7935 
80 40 9975 
80 41 9930 
80 42 10155 
80 48 555 
80 49 1365 
80 50 1695 
80 51 2505 
80 52 2955 
80 53 3765 
80 54 4095 
80 55 4415 
80 56 4695 
80 57 5685 
80 58 5915 
80 59 6375 
80 60 6685 
80 61 7605 
80 62 7935 
80 63 8745 
80 64 9075 
80 65 9885 
80 66 10215 
80 67 11115 
80 68 11345 
80 69 12155 
80 70 12155 
80 78 1185 
80 79 90 
80 82 2100 
80 83 2235 
80 84 1545 
80 85 1500 
80 86 3495 
80 87 3405 
80 88 3090 
80 89 4620 
80 90 3945 
80 91 3900 
80 92 6315 
80 93 6090 
80 94 6730 
80 95 6775 
80 96 6865 
80 97 7360 
80 98 7320 
80 99 8595 
80 100 8505 
80 101 8460 
80 102 7740 
80 103 7605 
80 104 9645 
80 105 9600 
80 106 10485 
80 107 555 
81 10 225 
81 11 405 
81 12 1035 
81 13 735 
81 14 600 
81 15 555 
81 16 510 
81 17 330 
81 18 1590 
81 19 1725 
81 20 1695 
81 21 1650 
81 22 3765 
81 23 3675 
81 24 3360 
81 25 4770 
81 26 4095 
81 27 4050 
81 28 6365 
81 29 6140 
81 30 6240 
81 31 6285 
81 32 6375 
81 33 6870 
81 34 7450 
81 35 8745 
81 36 8655 
81 37 8610 
81 38 7890 
81 39 7755 
81 40 9795 
81 41 9750 
81 42 9975 
81 48 375 
81 49 1185 
81 50 1515 
81 51 2325 
81 52 2775 
81 53 3585 
81 54 3915 
81 55 4235 
81 56 4515 
81 57 5505 
81 58 5735 
81 59 6195 
81 60 6505 
81 61 7425 
81 62 7755 
81 63 8565 
81 64 8895 
81 65 9705 
81 66 10035 
81 67 10935 
81 68 11165 
81 69 11975 
81 70 11975 
81 78 1365 
81 79 270 
81 80 180 
81 82 1920 
81 83 2055 
81 84 1365 
81 85 1320 
81 86 3315 
81 87 3225 
81 88 2910 
81 89 4440 
81 90 3765 
81 91 3720 
81 92 6135 
81 93 5910 
81 94 6550 
81 95 6595 
81 96 6685 
81 97 7180 
81 98 7140 
81 99 8415 
81 100 8325 
81 101 8280 
81 102 7560 
81 103 7425 
81 104 9465 
81 105 9420 
81 106 10305 
81 107 375 
82 20 225 
82 21 270 
82 22 2655 
82 23 2565 
82 24 2250 
82 25 3660 
82 26 2985 
82 27 2940 
82 28 5255 
82 29 5030 
82 30 5130 
82 31 5175 
82 32 5265 
82 33 5760 
82 34 6340 
82 35 7635 
82 36 7545 
82 37 7500 
82 38 6780 
82 39 6645 
82 40 8685 
82 41 8640 
82 42 8865 
82 50 405 
82 51 1215 
82 52 1665 
82 53 2475 
82 54 2805 
82 55 3125 
82 56 3405 
82 57 4395 
82 58 4625 
82 59 5085 
82 60 5395 
82 61 6315 
82 62 6645 
82 63 7455 
82 64 7785 
82 65 8595 
82 66 8925 
82 67 9825 
82 68 10055 
82 69 10865 
82 70 10865 
82 86 2205 
82 87 2115 
82 88 1800 
82 89 3330 
82 90 2655 
82 91 2610 
82 92 5025 
82 93 4800 
82 94 5440 
82 95 5485 
82 96 5575 
82 97 6070 
82 98 6030 
82 99 7305 
82 100 7215 
82 101 7170 
82 102 6450 
82 103 6315 
82 104 8355 
82 105 8310 
82 106 9195 
82 107 405 
83 20 360 
83 21 405 
83 22 2790 
83 23 2700 
83 24 2385 
83 25 3795 
83 26 3120 
83 27 3075 
83 28 5390 
83 29 5165 
83 30 5265 
83 31 5310 
83 32 5400 
83 33 5895 
83 34 6475 
83 35 7770 
83 36 7680 
83 37 7635 
83 38 6915 
83 39 6780 
83 40 8820 
83 41 8775 
83 42 9000 
83 50 540 
83 51 1350 
83 52 1800 
83 53 2610 
83 54 2940 
83 55 3260 
83 56 3540 
83 57 4530 
83 58 4760 
83 59 5220 
83 60 5530 
83 61 6450 
83 62 6780 
83 63 7590 
83 64 7920 
83 65 8730 
83 66 9060 
83 67 9960 
83 68 10190 
83 69 11000 
83 70 11000 
83 82 135 
83 86 2340 
83 87 2250 
83 88 1935 
83 89 3465 
83 90 2790 
83 91 2745 
83 92 5160 
83 93 4935 
83 94 5575 
83 95 5620 
83 96 5710 
83 97 6205 
83 98 6165 
83 99 7440 
83 100 7350 
83 101 7305 
83 102 6585 
83 103 6450 
83 104 8490 
83 105 8445 
83 106 9330 
83 107 540 
84 18 225 
84 19 360 
84 20 330 
84 21 375 
84 22 2760 
84 23 2670 
84 24 2355 
84 25 3765 
84 26 3090 
84 27 3045 
84 28 5360 
84 29 5135 
84 30 5235 
84 31 5280 
84 32 5370 
84 33 5865 
84 34 6445 
84 35 7740 
84 36 7650 
84 37 7605 
84 38 6885 
84 39 6750 
84 40 8790 
84 41 8745 
84 42 8970 
84 50 510 
84 51 1320 
84 52 1770 
84 53 2580 
84 54 2910 
84 55 3230 
84 56 3510 
84 57 4500 
84 58 4730 
84 59 5190 
84 60 5500 
84 61 6420 
84 62 6750 
84 63 7560 
84 64 7890 
84 65 8700 
84 66 9030 
84 67 9930 
84 68 10160 
84 69 10970 
84 70 10970 
84 82 555 
84 83 690 
84 86 2310 
84 87 2220 
84 88 1905 
84 89 3435 
84 90 2760 
84 91 2715 
84 92 5130 
84 93 4905 
84 94 5545 
84 95 5590 
84 96 5680 
84 97 6175 
84 98 6135 
84 99 7410 
84 100 7320 
84 101 7275 
84 102 6555 
84 103 6420 
84 104 8460 
84 105 8415 
84 106 9300 
84 107 510 
85 18 270 
85 19 405 
85 20 375 
85 21 330 
85 22 2715 
85 23 2625 
85 24 2310 
85 25 3720 
85 26 3045 
85 27 3000 
85 28 5315 
85 29 5090 
85 30 5190 
85 31 5235 
85 32 5325 
85 33 5820 
85 34 6400 
85 35 7695 
85 36 7605 
85 37 7560 
85 38 6840 
85 39 6705 
85 40 8745 
85 41 8700 
85 42 8925 
85 50 465 
85 51 1275 
85 52 1725 
85 53 2535 
85 54 2865 
85 55 3185 
85 56 3465 
85 57 4455 
85 58 4685 
85 59 5145 
85 60 5455 
85 61 6375 
85 62 6705 
85 63 7515 
85 64 7845 
85 65 8655 
85 66 8985 
85 67 9885 
85 68 10115 
85 69 10925 
85 70 10925 
85 82 600 
85 83 735 
85 84 45 
85 86 2265 
85 87 2175 
85 88 1860 
85 89 3390 
85 90 2715 
85 91 2670 
85 92 5085 
85 93 4860 
85 94 5500 
85 95 5545 
85 96 5635 
85 97 6130 
85 98 6090 
85 99 7365 
85 100 7275 
85 101 7230 
85 102 6510 
85 103 6375 
85 104 8415 
85 105 8370 
85 106 9255 
85 107 465 
86 22 450 
86 23 540 
86 24 855 
86 25 3435 
86 26 2760 
86 27 2715 
86 28 5030 
86 29 4805 
86 30 4905 
86 31 4950 
86 32 5040 
86 33 5535 
86 34 6115 
86 35 7410 
86 36 7320 
86 37 7275 
86 38 6555 
86 39 6420 
86 40 8460 
86 41 8415 
86 42 8640 
86 52 1440 
86 53 2250 
86 54 2580 
86 55 2900 
86 56 3180 
86 57 4170 
86 58 4400 
86 59 4860 
86 60 5170 
86 61 6090 
86 62 6420 
86 63 7230 
86 64 7560 
86 65 8370 
86 66 8700 
86 67 9600 
86 68 9830 
86 69 10640 
86 70 10640 
86 89 3105 
86 90 2430 
86 91 2385 
86 92 4800 
86 93 4575 
86 94 5215 
86 95 5260 
86 96 5350 
86 97 5845 
86 98 5805 
86 99 7080 
86 100 6990 
86 101 6945 
86 102 6225 
86 103 6090 
86 104 8130 
86 105 8085 
86 106 8970 
86 107 1440 
87 22 540 
87 23 450 
87 24 765 
87 25 3345 
87 26 2670 
87 27 2625 
87 28 4940 
87 29 4715 
87 30 4815 
87 31 4860 
87 32 4950 
87 33 5445 
87 34 6025 
87 35 7320 
87 36 7230 
87 37 7185 
87 38 6465 
87 39 6330 
87 40 8370 
87 41 8325 
87 42 8550 
87 52 1350 
87 53 2160 
87 54 2490 
87 55 2810 
87 56 3090 
87 57 4080 
87 58 4310 
87 59 4770 
87 60 5080 
87 61 6000 
87 62 6330 
87 63 7140 
87 64 7470 
87 65 8280 
87 66 8610 
87 67 9510 
87 68 9740 
87 69 10550 
87 70 10550 
87 86 90 
87 89 3015 
87 90 2340 
87 91 2295 
87 92 4710 
87 93 4485 
87 94 5125 
87 95 5170 
87 96 5260 
87 97 5755 
87 98 5715 
87 99 6990 
87 100 6900 
87 101 6855 
87 102 6135 
87 103 6000 
87 104 8040 
87 105 7995 
87 106 8880 
87 107 1350 
88 22 855 
88 23 765 
88 24 450 
88 25 3030 
88 26 2355 
88 27 2310 
88 28 4625 
88 29 4400 
88 30 4500 
88 31 4545 
88 32 4635 
88 33 5130 
88 34 5710 
88 35 7005 
88 36 6915 
88 37 6870 
88 38 6150 
88 39 6015 
88 40 8055 
88 41 8010 
88 42 8235 
88 52 1035 
88 53 1845 
88 54 2175 
88 55 2495 
88 56 2775 
88 57 3765 
88 58 3995 
88 59 4455 
88 60 4765 
88 61 5685 
88 62 6015 
88 63 6825 
88 64 7155 
88 65 7965 
88 66 8295 
88 67 9195 
88 68 9425 
88 69 10235 
88 70 10235 
88 86 405 
88 87 315 
88 89 2700 
88 90 2025 
88 91 1980 
88 92 4395 
88 93 4170 
88 94 4810 
88 95 4855 
88 96 4945 
88 97 5440 
88 98 5400 
88 99 6675 
88 100 6585 
88 101 6540 
88 102 5820 
88 103 5685 
88 104 7725 
88 105 7680 
88 106 8565 
88 107 1035 
89 25 330 
89 26 1005 
89 27 1050 
89 28 3635 
89 29 3410 
89 30 3510 
89 31 3555 
89 32 3645 
89 33 4140 
89 34 4720 
89 35 6015 
89 36 5925 
89 37 5880 
89 38 5160 
89 39 5025 
89 40 7065 
89 41 7020 
89 42 7245 
89 54 1185 
89 55 1505 
89 56 1785 
89 57 2775 
89 58 3005 
89 59 3465 
89 60 3775 
89 61 4695 
89 62 5025 
89 63 5835 
89 64 6165 
89 65 6975 
89 66 7305 
89 67 8205 
89 68 8435 
89 69 9245 
89 70 9245 
89 92 3405 
89 93 3180 
89 94 3820 
89 95 3865 
89 96 3955 
89 97 4450 
89 98 4410 
89 99 5685 
89 100 5595 
89 101 5550 
89 102 4830 
89 103 4695 
89 104 6735 
89 105 6690 
89 106 7575 
89 107 1185 
90 25 1005 
90 26 330 
90 27 375 
90 28 2960 
90 29 2735 
90 30 2835 
90 31 2880 
90 32 2970 
90 33 3465 
90 34 4045 
90 35 5340 
90 36 5250 
90 37 5205 
90 38 4485 
90 39 4350 
90 40 6390 
90 41 6345 
90 42 6570 
90 54 510 
90 55 830 
90 56 1110 
90 57 2100 
90 58 2330 
90 59 2790 
90 60 3100 
90 61 4020 
90 62 4350 
90 63 5160 
90 64 5490 
90 65 6300 
90 66 6630 
90 67 7530 
90 68 7760 
90 69 8570 
90 70 8570 
90 89 675 
90 92 2730 
90 93 2505 
90 94 3145 
90 95 3190 
90 96 3280 
90 97 3775 
90 98 3735 
90 99 5010 
90 100 4920 
90 101 4875 
90 102 4155 
90 103 4020 
90 104 6060 
90 105 6015 
90 106 6900 
90 107 510 
91 25 1050 
91 26 375 
91 27 330 
91 28 2915 
91 29 2690 
91 30 2790 
91 31 2835 
91 32 2925 
91 33 3420 
91 34 4000 
91 35 5295 
91 36 5205 
91 37 5160 
91 38 4440 
91 39 4305 
91 40 6345 
91 41 6300 
91 42 6525 
91 54 465 
91 55 785 
91 56 1065 
91 57 2055 
91 58 2285 
91 59 2745 
91 60 3055 
91 61 3975 
91 62 4305 
91 63 5115 
91 64 5445 
91 65 6255 
91 66 6585 
91 67 7485 
91 68 7715 
91 69 8525 
91 70 8525 
91 89 720 
91 90 45 
91 92 2685 
91 93 2460 
91 94 3100 
91 95 3145 
91 96 3235 
91 97 3730 
91 98 3690 
91 99 4965 
91 100 4875 
91 101 4830 
91 102 4110 
91 103 3975 
91 104 6015 
91 105 5970 
91 106 6855 
91 107 465 
92 28 230 
92 29 455 
92 30 1365 
92 31 1410 
92 32 1500 
92 33 1995 
92 34 2575 
92 35 3870 
92 36 3780 
92 37 3735 
92 38 3015 
92 39 2880 
92 40 4920 
92 41 4875 
92 42 5100 
92 58 860 
92 59 1320 
92 60 1630 
92 61 2550 
92 62 2880 
92 63 3690 
92 64 4020 
92 65 4830 
92 66 5160 
92 67 6060 
92 68 6290 
92 69 7100 
92 70 7100 
92 94 1675 
92 95 1720 
92 96 1810 
92 97 2305 
92 98 2265 
92 99 3540 
92 100 3450 
92 101 3405 
92 102 2685 
92 103 2550 
92 104 4590 
92 105 4545 
92 106 5430 
92 107 860 
93 28 455 
93 29 230 
93 30 1140 
93 31 1185 
93 32 1275 
93 33 1770 
93 34 2350 
93 35 3645 
93 36 3555 
93 37 3510 
93 38 2790 
93 39 2655 
93 40 4695 
93 41 4650 
93 42 4875 
93 58 635 
93 59 1095 
93 60 1405 
93 61 2325 
93 62 2655 
93 63 3465 
93 64 3795 
93 65 4605 
93 66 4935 
93 67 5835 
93 68 6065 
93 69 6875 
93 70 6875 
93 92 225 
93 94 1450 
93 95 1495 
93 96 1585 
93 97 2080 
93 98 2040 
93 99 3315 
93 100 3225 
93 101 3180 
93 102 2460 
93 103 2325 
93 104 4365 
93 105 4320 
93 106 5205 
93 107 635 
94 35 2285 
94 36 2195 
94 37 2150 
94 38 1430 
94 39 1295 
94 40 3335 
94 41 3290 
94 42 3515 
94 60 45 
94 61 965 
94 62 1295 
94 63 2105 
94 64 2435 
94 65 3245 
94 66 3575 
94 67 4475 
94 68 4705 
94 69 5515 
94 70 5515 
94 99 1955 
94 100 1865 
94 101 1820 
94 102 1100 
94 103 965 
94 104 3005 
94 105 2960 
94 106 3845 
94 107 45 
95 35 2330 
95 36 2240 
95 37 2195 
95 38 1475 
95 39 1340 
95 40 3380 
95 41 3335 
95 42 3560 
95 60 90 
95 61 1010 
95 62 1340 
95 63 2150 
95 64 2480 
95 65 3290 
95 66 3620 
95 67 4520 
95 68 4750 
95 69 5560 
95 70 5560 
95 94 45 
95 99 2000 
95 100 1910 
95 101 1865 
95 102 1145 
95 103 1010 
95 104 3050 
95 105 3005 
95 106 3890 
95 107 90 
96 35 2420 
96 36 2330 
96 37 2285 
96 38 1565 
96 39 1430 
96 40 3470 
96 41 3425 
96 42 3650 
96 60 180 
96 61 1100 
96 62 1430 
96 63 2240 
96 64 2570 
96 65 3380 
96 66 3710 
96 67 4610 
96 68 4840 
96 69 5650 
96 70 5650 
96 94 135 
96 95 90 
96 99 2090 
96 100 2000 
96 101 1955 
96 102 1235 
96 103 1100 
96 104 3140 
96 105 3095 
96 106 3980 
96 107 180 
97 35 2915 
97 36 2825 
97 37 2780 
97 38 2060 
97 39 1925 
97 40 3965 
97 41 3920 
97 42 4145 
97 60 675 
97 61 1595 
97 62 1925 
97 63 2735 
97 64 3065 
97 65 3875 
97 66 4205 
97 67 5105 
97 68 5335 
97 69 6145 
97 70 6145 
97 94 630 
97 95 585 
97 96 495 
97 99 2585 
97 100 2495 
97 101 2450 
97 102 1730 
97 103 1595 
97 104 3635 
97 105 3590 
97 106 4475 
97 107 675 
98 34 310 
98 35 3495 
98 36 3405 
98 37 3360 
98 38 2640 
98 39 2505 
98 40 4545 
98 41 4500 
98 42 4725 
98 60 1255 
98 61 2175 
98 62 2505 
98 63 3315 
98 64 3645 
98 65 4455 
98 66 4785 
98 67 5685 
98 68 5915 
98 69 6725 
98 70 6725 
98 94 1210 
98 95 1165 
98 96 1075 
98 97 580 
98 99 3165 
98 100 3075 
98 101 3030 
98 102 2310 
98 103 2175 
98 104 4215 
98 105 4170 
98 106 5055 
98 107 1255 
99 35 330 
99 36 420 
99 37 465 
99 38 1185 
99 39 1320 
99 40 3360 
99 41 3315 
99 42 3540 
99 62 1320 
99 63 2130 
99 64 2460 
99 65 3270 
99 66 3600 
99 67 4500 
99 68 4730 
99 69 5540 
99 70 5540 
99 104 3030 
99 105 2985 
99 106 3870 
99 107 1320 
100 35 420 
100 36 330 
100 37 375 
100 38 1095 
100 39 1230 
100 40 3270 
100 41 3225 
100 42 3450 
100 62 1230 
100 63 2040 
100 64 2370 
100 65 3180 
100 66 3510 
100 67 4410 
100 68 4640 
100 69 5450 
100 70 5450 
100 99 90 
100 104 2940 
100 105 2895 
100 106 3780 
100 107 1230 
101 35 465 
101 36 375 
101 37 330 
101 38 1050 
101 39 1185 
101 40 3225 
101 41 3180 
101 42 3405 
101 62 1185 
101 63 1995 
101 64 2325 
101 65 3135 
101 66 3465 
101 67 4365 
101 68 4595 
101 69 5405 
101 70 5405 
101 99 135 
101 100 45 
101 104 2895 
101 105 2850 
101 106 3735 
101 107 1185 
102 35 1185 
102 36 1095 
102 37 1050 
102 38 330 
102 39 465 
102 40 2505 
102 41 2460 
102 42 2685 
102 62 465 
102 63 1275 
102 64 1605 
102 65 2415 
102 66 2745 
102 67 3645 
102 68 3875 
102 69 4685 
102 70 4685 
102 99 855 
102 100 765 
102 101 720 
102 104 2175 
102 105 2130 
102 106 3015 
102 107 465 
103 35 1320 
103 36 1230 
103 37 1185 
103 38 465 
103 39 330 
103 40 2370 
103 41 2325 
103 42 2550 
103 62 330 
103 63 1140 
103 64 1470 
103 65 2280 
103 66 2610 
103 67 3510 
103 68 3740 
103 69 4550 
103 70 4550 
103 99 990 
103 100 900 
103 101 855 
103 102 135 
103 104 2040 
103 105 1995 
103 106 2880 
103 107 330 
104 40 330 
104 41 375 
104 42 2310 
104 64 1230 
104 65 2040 
104 66 2370 
104 67 3270 
104 68 3500 
104 69 4310 
104 70 4310 
104 106 2640 
104 107 1230 
105 40 375 
105 41 330 
105 42 2265 
105 64 1185 
105 65 1995 
105 66 2325 
105 67 3225 
105 68 3455 
105 69 4265 
105 70 4265 
105 104 45 
105 106 2595 
105 107 1185 
106 66 270 
106 67 1170 
106 68 1400 
106 69 2210 
106 70 2210 
106 107 270 
 
//Location coordinates LocationName 
//Loc x y 
0 0 0 "depotStart" 
1 6900 3750 "cA_cA_10" 
2 6900 3570 "cA_cA_14" 
3 6900 3210 "cA_cA_22" 
4 6570 3705 "cB_cA_15" 
5 6570 3750 "cB_cA_16" 
6 6570 3795 "cB_cA_17" 
7 6570 3975 "cB_cA_21" 
8 6570 4110 "cB_cA_24" 
9 5610 3750 "cC_cC_10" 
10 4470 3930 "cE_cE_06" 
11 4470 3750 "cE_cE_10" 
12 4470 3120 "cE_cE_24" 
13 4140 3750 "cG_cE_14" 
14 4140 3885 "cG_cE_17" 
15 4140 3930 "cG_cE_18" 
16 4140 3975 "cG_cE_19" 
17 4140 4155 "cG_cE_23" 
18 3330 3795 "cH_cH_09" 
19 3330 3660 "cH_cH_12" 
20 3000 4020 "cI_cH_20" 
21 3000 4065 "cI_cH_21" 
22 1740 3210 "cL_cK_04" 
23 1740 3300 "cL_cK_06" 
24 1740 3615 "cL_cK_13" 
25 600 3345 "cO_cM_07" 
26 600 4020 "cO_cM_22" 
27 600 4065 "cO_cM_23" 
28 580 5430 "dAr_dAa_33" 
29 580 5205 "dAr_dAa_38" 
30 1040 4845 "dBa_dBa_01" 
31 1040 4890 "dBa_dBa_02" 
32 1040 4980 "dBa_dBa_04" 
33 1040 5475 "dBa_dBa_15" 
34 1350 5745 "dBr_dBa_28" 
35 2600 5790 "dD_dC_02" 
36 2600 5700 "dD_dC_04" 
37 2600 5655 "dD_dC_05" 
38 2600 4935 "dD_dC_21" 
39 2600 4800 "dD_dC_24" 
40 3740 5700 "dG_dE_06" 
41 3740 5655 "dG_dE_07" 
42 4550 5070 "dH_dH_06" 
43 6900 4200 "cA_cA_inter_0_start" 
44 6570 4200 "cB_cA_inter_0_start" 
45 5610 4200 "cC_cC_inter_0_start" 
46 5280 4200 "cD_cC_inter_0_start" 
47 4470 4200 "cE_cE_inter_0_start" 
48 4140 4200 "cG_cE_inter_0_start" 
49 3330 4200 "cH_cH_inter_0_start" 
50 3000 4200 "cI_cH_inter_0_start" 
51 2190 4200 "cK_cK_inter_0_start" 
52 1740 4200 "cL_cK_inter_0_start" 
53 930 4200 "cM_cM_inter_0_start" 
54 600 4200 "cO_cM_inter_0_start" 
55 280 4200 "cP_cP_inter_0_start" 
56 0 4200 "cQ_cP_inter_0_start" 
57 350 4800 "dAa_dAa_inter_0_start" 
58 580 4800 "dAr_dAa_inter_0_start" 
59 1040 4800 "dBa_dBa_inter_0_start" 
60 1350 4800 "dBr_dBa_inter_0_start" 
61 2270 4800 "dC_dC_inter_0_start" 
62 2600 4800 "dD_dC_inter_0_start" 
63 3410 4800 "dE_dE_inter_0_start" 
64 3740 4800 "dG_dE_inter_0_start" 
65 4550 4800 "dH_dH_inter_0_start" 
66 4880 4800 "dI_dH_inter_0_start" 
67 5780 4800 "dK_dK_inter_0_start" 
68 6010 4800 "dL_dK_inter_0_start" 
69 6820 4800 "dY_dY_inter_0_start" 
70 6820 4800 "dZ_dY_inter_0_start" 
71 6570 3570 "cB_cA_inter_630" 
72 6570 3210 "cB_cA_inter_990" 
73 6900 3705 "cA_cA_inter_495" 
74 6900 3795 "cA_cA_inter_405" 
75 6900 3975 "cA_cA_inter_225" 
76 6900 4110 "cA_cA_inter_90" 
77 5280 3750 "cD_cC_inter_450" 
78 4140 3120 "cG_cE_inter_1080" 
79 4470 3885 "cE_cE_inter_315" 
80 4470 3975 "cE_cE_inter_225" 
81 4470 4155 "cE_cE_inter_45" 
82 3000 3795 "cI_cH_inter_405" 
83 3000 3660 "cI_cH_inter_540" 
84 3330 4020 "cH_cH_inter_180" 
85 3330 4065 "cH_cH_inter_135" 
86 2190 3210 "cK_cK_inter_990" 
87 2190 3300 "cK_cK_inter_900" 
88 2190 3615 "cK_cK_inter_585" 
89 930 3345 "cM_cM_inter_855" 
90 930 4020 "cM_cM_inter_180" 
91 930 4065 "cM_cM_inter_135" 
92 350 5430 "dAa_dAa_inter_630" 
93 350 5205 "dAa_dAa_inter_405" 
94 1350 4845 "dBr_dBa_inter_45" 
95 1350 4890 "dBr_dBa_inter_90" 
96 1350 4980 "dBr_dBa_inter_180" 
97 1350 5475 "dBr_dBa_inter_675" 
98 1040 5745 "dBa_dBa_inter_945" 
99 2270 5790 "dC_dC_inter_990" 
100 2270 5700 "dC_dC_inter_900" 
101 2270 5655 "dC_dC_inter_855" 
102 2270 4935 "dC_dC_inter_135" 
103 2270 4800 "dC_dC_inter_0" 
104 3410 5700 "dE_dE_inter_900" 
105 3410 5655 "dE_dE_inter_855" 
106 4880 5070 "dI_dH_inter_270" 
107 0 0 "depotEnd" 
