//NbLocations 
104 
 
//NbProducts 
42 
 
//K: NbBoxesTrolley 
6 
 
//NbDimensionsCapacity 
2 
 
//B: CapaBox 
12000 92160 
 
//A box can accept mixed orders(0: no, 1: yes) 
0 
 
//Products 
//Idx Location Dim1 Dim2 ... 
1 14 340 1579 
2 18 442 2200 
3 19 615 3000 
4 20 480 1875 
5 21 448 2400 
6 22 439 2200 
7 23 471 6667 
8 24 401 2400 
9 17 74 800 
10 25 260 2000 
11 31 379 2829 
12 32 379 2829 
13 38 471 6667 
14 39 217 1650 
15 40 60 550 
16 41 293 2063 
17 26 120 818 
18 30 379 2829 
19 37 471 6667 
20 27 180 1375 
21 28 379 2829 
22 8 448 2400 
23 9 393 2200 
24 10 446 2400 
25 1 607 2526 
26 2 140 1280 
27 3 479 2400 
28 4 471 2200 
29 5 426 2400 
30 6 408 2200 
31 7 454 2200 
32 15 355 1800 
33 16 120 818 
34 11 479 2400 
35 12 162 1131 
36 13 120 818 
37 29 379 2829 
38 33 60 550 
39 34 60 550 
40 35 60 550 
41 36 282 2063 
42 42 355 1800 
 
//Orders 
//NbOrders 
2 
//Idx M NbProdInOrder ProdIdx1 Qty1 ProdIdx2 Qty2 ... 
1 8 39 1 18 2 4 3 6 4 6 5 3 6 4 7 11 8 4 9 3 10 1 11 3 12 3 13 9 14 1 15 8 16 5 22 2 23 3 24 5 25 2 26 1 27 1 28 3 29 5 30 4 31 3 34 5 35 5 36 23 32 1 33 22 20 40 37 15 21 14 38 12 39 8 40 12 41 5 42 4 
2 6 16 7 12 17 23 4 6 18 26 19 8 20 40 21 9 1 18 32 2 33 22 25 2 38 12 39 8 40 12 14 1 15 8 
 
//Graph (Products are vertices indexed from 1 to NbProducts) 
//NbVerticesIntersections 
62 
 
//DepartingDepot 
0 
 
//ArrivalDepot 
105 
 
//Arcs 
//Start End Distance 
0 43 5000 
0 45 5000 
0 47 5000 
0 49 5000 
0 51 5000 
0 53 5000 
0 55 5000 
0 57 5000 
0 59 5000 
0 61 5000 
0 63 5000 
0 65 5000 
0 67 5000 
0 69 5000 
1 71 450 
1 72 225 
2 71 225 
3 73 330 
3 80 180 
4 74 330 
4 75 90 
5 74 90 
6 7 225 
7 8 45 
8 9 45 
9 10 270 
10 73 180 
11 56 540 
12 82 230 
12 85 225 
13 14 315 
13 83 230 
14 84 230 
15 82 225 
16 58 0 
17 18 540 
17 23 310 
18 19 135 
18 22 310 
19 20 135 
19 87 310 
20 21 310 
21 87 135 
22 23 540 
23 24 180 
24 60 90 
25 26 450 
26 62 495 
27 31 330 
27 93 90 
28 29 45 
29 30 405 
30 31 90 
31 32 90 
32 64 45 
33 34 45 
34 35 90 
35 36 180 
36 37 180 
37 66 450 
38 39 270 
38 100 230 
39 40 225 
39 101 230 
40 41 270 
40 102 230 
41 42 90 
41 103 230 
42 104 230 
43 44 330 
44 45 960 
44 105 0 
45 46 330 
46 47 810 
46 105 0 
47 48 330 
48 49 810 
48 105 0 
49 50 330 
50 51 810 
50 105 0 
51 1 270 
51 52 450 
52 53 810 
52 105 0 
53 3 0 
53 54 330 
54 55 320 
54 105 0 
55 56 280 
55 81 540 
56 57 990 
56 105 0 
57 58 230 
57 86 0 
58 59 460 
58 105 0 
59 60 310 
59 88 90 
60 61 920 
60 105 0 
61 62 330 
61 90 495 
62 63 810 
62 105 0 
63 64 330 
63 94 45 
64 65 810 
64 105 0 
65 66 330 
65 99 450 
66 67 900 
66 105 0 
67 38 0 
67 68 230 
68 69 810 
68 105 0 
69 70 0 
70 105 0 
71 52 270 
72 2 450 
73 54 0 
74 6 225 
75 5 330 
76 4 225 
76 6 330 
77 7 330 
77 76 225 
78 8 330 
78 77 45 
79 9 330 
79 78 45 
80 10 330 
80 79 270 
81 11 280 
82 16 225 
83 15 270 
84 83 315 
85 13 270 
85 15 230 
86 12 225 
86 16 230 
87 22 135 
88 17 180 
88 24 310 
89 25 330 
90 26 330 
90 89 450 
91 28 330 
92 29 330 
92 91 45 
93 30 330 
93 92 405 
94 27 90 
94 32 330 
95 33 330 
96 34 330 
96 95 45 
97 35 330 
97 96 90 
98 36 330 
98 97 180 
99 37 330 
99 98 180 
100 68 0 
101 100 270 
102 101 225 
103 102 270 
104 103 90 
 
//LocStart LocEnd ShortestPath 
0 1 5270 
0 2 5945 
0 3 5000 
0 4 5990 
0 5 6410 
0 6 6095 
0 7 5870 
0 8 5825 
0 9 5780 
0 10 5510 
0 11 5820 
0 12 5225 
0 13 5720 
0 14 6035 
0 15 5680 
0 16 5230 
0 17 5270 
0 18 5810 
0 19 5945 
0 20 6080 
0 21 6390 
0 22 6120 
0 23 5580 
0 24 5400 
0 25 6275 
0 26 5825 
0 27 5135 
0 28 6005 
0 29 5960 
0 30 5555 
0 31 5465 
0 32 5375 
0 33 6275 
0 34 6230 
0 35 6140 
0 36 5960 
0 37 5780 
0 38 5000 
0 39 5270 
0 40 5495 
0 41 5765 
0 42 5855 
0 43 5000 
0 44 5330 
0 45 5000 
0 46 5330 
0 47 5000 
0 48 5330 
0 49 5000 
0 50 5330 
0 51 5000 
0 52 5450 
0 53 5000 
0 54 5330 
0 55 5000 
0 56 5280 
0 57 5000 
0 58 5230 
0 59 5000 
0 60 5310 
0 61 5000 
0 62 5330 
0 63 5000 
0 64 5330 
0 65 5000 
0 66 5330 
0 67 5000 
0 68 5230 
0 69 5000 
0 70 5000 
0 71 5720 
0 72 5495 
0 73 5330 
0 74 6320 
0 75 6080 
0 76 5765 
0 77 5540 
0 78 5495 
0 79 5450 
0 80 5180 
0 81 5540 
0 82 5455 
0 83 5950 
0 84 6265 
0 85 5450 
0 86 5000 
0 87 6255 
0 88 5090 
0 89 5945 
0 90 5495 
0 91 5675 
0 92 5630 
0 93 5225 
0 94 5045 
0 95 5945 
0 96 5900 
0 97 5810 
0 98 5630 
0 99 5450 
0 100 5230 
0 101 5500 
0 102 5725 
0 103 5995 
0 104 6085 
0 105 5000 
1 2 675 
1 3 1530 
1 4 2520 
1 5 2940 
1 6 2625 
1 7 2400 
1 8 2355 
1 9 2310 
1 10 2040 
1 11 3000 
1 12 3675 
1 13 4170 
1 14 4485 
1 15 4130 
1 16 3680 
1 17 4410 
1 18 4950 
1 19 5085 
1 20 5220 
1 21 5530 
1 22 5260 
1 23 4720 
1 24 4540 
1 25 6645 
1 26 6195 
1 27 6645 
1 28 7515 
1 29 7470 
1 30 7065 
1 31 6975 
1 32 6885 
1 33 8925 
1 34 8880 
1 35 8790 
1 36 8610 
1 37 8430 
1 38 8880 
1 39 9150 
1 40 9375 
1 41 9645 
1 42 9735 
1 52 720 
1 53 1530 
1 54 1860 
1 55 2180 
1 56 2460 
1 57 3450 
1 58 3680 
1 59 4140 
1 60 4450 
1 61 5370 
1 62 5700 
1 63 6510 
1 64 6840 
1 65 7650 
1 66 7980 
1 67 8880 
1 68 9110 
1 69 9920 
1 70 9920 
1 71 450 
1 72 225 
1 73 1860 
1 74 2850 
1 75 2610 
1 76 2295 
1 77 2070 
1 78 2025 
1 79 1980 
1 80 1710 
1 81 2720 
1 82 3905 
1 83 4400 
1 84 4715 
1 85 3900 
1 86 3450 
1 87 5395 
1 88 4230 
1 89 6315 
1 90 5865 
1 91 7185 
1 92 7140 
1 93 6735 
1 94 6555 
1 95 8595 
1 96 8550 
1 97 8460 
1 98 8280 
1 99 8100 
1 100 9110 
1 101 9380 
1 102 9605 
1 103 9875 
1 104 9965 
1 105 720 
2 3 1305 
2 4 2295 
2 5 2715 
2 6 2400 
2 7 2175 
2 8 2130 
2 9 2085 
2 10 1815 
2 11 2775 
2 12 3450 
2 13 3945 
2 14 4260 
2 15 3905 
2 16 3455 
2 17 4185 
2 18 4725 
2 19 4860 
2 20 4995 
2 21 5305 
2 22 5035 
2 23 4495 
2 24 4315 
2 25 6420 
2 26 5970 
2 27 6420 
2 28 7290 
2 29 7245 
2 30 6840 
2 31 6750 
2 32 6660 
2 33 8700 
2 34 8655 
2 35 8565 
2 36 8385 
2 37 8205 
2 38 8655 
2 39 8925 
2 40 9150 
2 41 9420 
2 42 9510 
2 52 495 
2 53 1305 
2 54 1635 
2 55 1955 
2 56 2235 
2 57 3225 
2 58 3455 
2 59 3915 
2 60 4225 
2 61 5145 
2 62 5475 
2 63 6285 
2 64 6615 
2 65 7425 
2 66 7755 
2 67 8655 
2 68 8885 
2 69 9695 
2 70 9695 
2 71 225 
2 73 1635 
2 74 2625 
2 75 2385 
2 76 2070 
2 77 1845 
2 78 1800 
2 79 1755 
2 80 1485 
2 81 2495 
2 82 3680 
2 83 4175 
2 84 4490 
2 85 3675 
2 86 3225 
2 87 5170 
2 88 4005 
2 89 6090 
2 90 5640 
2 91 6960 
2 92 6915 
2 93 6510 
2 94 6330 
2 95 8370 
2 96 8325 
2 97 8235 
2 98 8055 
2 99 7875 
2 100 8885 
2 101 9155 
2 102 9380 
2 103 9650 
2 104 9740 
2 105 495 
3 4 990 
3 5 1410 
3 6 1095 
3 7 870 
3 8 825 
3 9 780 
3 10 510 
3 11 1470 
3 12 2145 
3 13 2640 
3 14 2955 
3 15 2600 
3 16 2150 
3 17 2880 
3 18 3420 
3 19 3555 
3 20 3690 
3 21 4000 
3 22 3730 
3 23 3190 
3 24 3010 
3 25 5115 
3 26 4665 
3 27 5115 
3 28 5985 
3 29 5940 
3 30 5535 
3 31 5445 
3 32 5355 
3 33 7395 
3 34 7350 
3 35 7260 
3 36 7080 
3 37 6900 
3 38 7350 
3 39 7620 
3 40 7845 
3 41 8115 
3 42 8205 
3 54 330 
3 55 650 
3 56 930 
3 57 1920 
3 58 2150 
3 59 2610 
3 60 2920 
3 61 3840 
3 62 4170 
3 63 4980 
3 64 5310 
3 65 6120 
3 66 6450 
3 67 7350 
3 68 7580 
3 69 8390 
3 70 8390 
3 73 330 
3 74 1320 
3 75 1080 
3 76 765 
3 77 540 
3 78 495 
3 79 450 
3 80 180 
3 81 1190 
3 82 2375 
3 83 2870 
3 84 3185 
3 85 2370 
3 86 1920 
3 87 3865 
3 88 2700 
3 89 4785 
3 90 4335 
3 91 5655 
3 92 5610 
3 93 5205 
3 94 5025 
3 95 7065 
3 96 7020 
3 97 6930 
3 98 6750 
3 99 6570 
3 100 7580 
3 101 7850 
3 102 8075 
3 103 8345 
3 104 8435 
3 105 330 
4 5 420 
4 6 555 
4 7 780 
4 8 825 
4 9 870 
4 10 1140 
4 11 2460 
4 12 3135 
4 13 3630 
4 14 3945 
4 15 3590 
4 16 3140 
4 17 3870 
4 18 4410 
4 19 4545 
4 20 4680 
4 21 4990 
4 22 4720 
4 23 4180 
4 24 4000 
4 25 6105 
4 26 5655 
4 27 6105 
4 28 6975 
4 29 6930 
4 30 6525 
4 31 6435 
4 32 6345 
4 33 8385 
4 34 8340 
4 35 8250 
4 36 8070 
4 37 7890 
4 38 8340 
4 39 8610 
4 40 8835 
4 41 9105 
4 42 9195 
4 54 1320 
4 55 1640 
4 56 1920 
4 57 2910 
4 58 3140 
4 59 3600 
4 60 3910 
4 61 4830 
4 62 5160 
4 63 5970 
4 64 6300 
4 65 7110 
4 66 7440 
4 67 8340 
4 68 8570 
4 69 9380 
4 70 9380 
4 73 1320 
4 74 330 
4 75 90 
4 81 2180 
4 82 3365 
4 83 3860 
4 84 4175 
4 85 3360 
4 86 2910 
4 87 4855 
4 88 3690 
4 89 5775 
4 90 5325 
4 91 6645 
4 92 6600 
4 93 6195 
4 94 6015 
4 95 8055 
4 96 8010 
4 97 7920 
4 98 7740 
4 99 7560 
4 100 8570 
4 101 8840 
4 102 9065 
4 103 9335 
4 104 9425 
4 105 1320 
5 6 315 
5 7 540 
5 8 585 
5 9 630 
5 10 900 
5 11 2220 
5 12 2895 
5 13 3390 
5 14 3705 
5 15 3350 
5 16 2900 
5 17 3630 
5 18 4170 
5 19 4305 
5 20 4440 
5 21 4750 
5 22 4480 
5 23 3940 
5 24 3760 
5 25 5865 
5 26 5415 
5 27 5865 
5 28 6735 
5 29 6690 
5 30 6285 
5 31 6195 
5 32 6105 
5 33 8145 
5 34 8100 
5 35 8010 
5 36 7830 
5 37 7650 
5 38 8100 
5 39 8370 
5 40 8595 
5 41 8865 
5 42 8955 
5 54 1080 
5 55 1400 
5 56 1680 
5 57 2670 
5 58 2900 
5 59 3360 
5 60 3670 
5 61 4590 
5 62 4920 
5 63 5730 
5 64 6060 
5 65 6870 
5 66 7200 
5 67 8100 
5 68 8330 
5 69 9140 
5 70 9140 
5 73 1080 
5 74 90 
5 81 1940 
5 82 3125 
5 83 3620 
5 84 3935 
5 85 3120 
5 86 2670 
5 87 4615 
5 88 3450 
5 89 5535 
5 90 5085 
5 91 6405 
5 92 6360 
5 93 5955 
5 94 5775 
5 95 7815 
5 96 7770 
5 97 7680 
5 98 7500 
5 99 7320 
5 100 8330 
5 101 8600 
5 102 8825 
5 103 9095 
5 104 9185 
5 105 1080 
6 7 225 
6 8 270 
6 9 315 
6 10 585 
6 11 1905 
6 12 2580 
6 13 3075 
6 14 3390 
6 15 3035 
6 16 2585 
6 17 3315 
6 18 3855 
6 19 3990 
6 20 4125 
6 21 4435 
6 22 4165 
6 23 3625 
6 24 3445 
6 25 5550 
6 26 5100 
6 27 5550 
6 28 6420 
6 29 6375 
6 30 5970 
6 31 5880 
6 32 5790 
6 33 7830 
6 34 7785 
6 35 7695 
6 36 7515 
6 37 7335 
6 38 7785 
6 39 8055 
6 40 8280 
6 41 8550 
6 42 8640 
6 54 765 
6 55 1085 
6 56 1365 
6 57 2355 
6 58 2585 
6 59 3045 
6 60 3355 
6 61 4275 
6 62 4605 
6 63 5415 
6 64 5745 
6 65 6555 
6 66 6885 
6 67 7785 
6 68 8015 
6 69 8825 
6 70 8825 
6 73 765 
6 81 1625 
6 82 2810 
6 83 3305 
6 84 3620 
6 85 2805 
6 86 2355 
6 87 4300 
6 88 3135 
6 89 5220 
6 90 4770 
6 91 6090 
6 92 6045 
6 93 5640 
6 94 5460 
6 95 7500 
6 96 7455 
6 97 7365 
6 98 7185 
6 99 7005 
6 100 8015 
6 101 8285 
6 102 8510 
6 103 8780 
6 104 8870 
6 105 765 
7 8 45 
7 9 90 
7 10 360 
7 11 1680 
7 12 2355 
7 13 2850 
7 14 3165 
7 15 2810 
7 16 2360 
7 17 3090 
7 18 3630 
7 19 3765 
7 20 3900 
7 21 4210 
7 22 3940 
7 23 3400 
7 24 3220 
7 25 5325 
7 26 4875 
7 27 5325 
7 28 6195 
7 29 6150 
7 30 5745 
7 31 5655 
7 32 5565 
7 33 7605 
7 34 7560 
7 35 7470 
7 36 7290 
7 37 7110 
7 38 7560 
7 39 7830 
7 40 8055 
7 41 8325 
7 42 8415 
7 54 540 
7 55 860 
7 56 1140 
7 57 2130 
7 58 2360 
7 59 2820 
7 60 3130 
7 61 4050 
7 62 4380 
7 63 5190 
7 64 5520 
7 65 6330 
7 66 6660 
7 67 7560 
7 68 7790 
7 69 8600 
7 70 8600 
7 73 540 
7 81 1400 
7 82 2585 
7 83 3080 
7 84 3395 
7 85 2580 
7 86 2130 
7 87 4075 
7 88 2910 
7 89 4995 
7 90 4545 
7 91 5865 
7 92 5820 
7 93 5415 
7 94 5235 
7 95 7275 
7 96 7230 
7 97 7140 
7 98 6960 
7 99 6780 
7 100 7790 
7 101 8060 
7 102 8285 
7 103 8555 
7 104 8645 
7 105 540 
8 9 45 
8 10 315 
8 11 1635 
8 12 2310 
8 13 2805 
8 14 3120 
8 15 2765 
8 16 2315 
8 17 3045 
8 18 3585 
8 19 3720 
8 20 3855 
8 21 4165 
8 22 3895 
8 23 3355 
8 24 3175 
8 25 5280 
8 26 4830 
8 27 5280 
8 28 6150 
8 29 6105 
8 30 5700 
8 31 5610 
8 32 5520 
8 33 7560 
8 34 7515 
8 35 7425 
8 36 7245 
8 37 7065 
8 38 7515 
8 39 7785 
8 40 8010 
8 41 8280 
8 42 8370 
8 54 495 
8 55 815 
8 56 1095 
8 57 2085 
8 58 2315 
8 59 2775 
8 60 3085 
8 61 4005 
8 62 4335 
8 63 5145 
8 64 5475 
8 65 6285 
8 66 6615 
8 67 7515 
8 68 7745 
8 69 8555 
8 70 8555 
8 73 495 
8 81 1355 
8 82 2540 
8 83 3035 
8 84 3350 
8 85 2535 
8 86 2085 
8 87 4030 
8 88 2865 
8 89 4950 
8 90 4500 
8 91 5820 
8 92 5775 
8 93 5370 
8 94 5190 
8 95 7230 
8 96 7185 
8 97 7095 
8 98 6915 
8 99 6735 
8 100 7745 
8 101 8015 
8 102 8240 
8 103 8510 
8 104 8600 
8 105 495 
9 10 270 
9 11 1590 
9 12 2265 
9 13 2760 
9 14 3075 
9 15 2720 
9 16 2270 
9 17 3000 
9 18 3540 
9 19 3675 
9 20 3810 
9 21 4120 
9 22 3850 
9 23 3310 
9 24 3130 
9 25 5235 
9 26 4785 
9 27 5235 
9 28 6105 
9 29 6060 
9 30 5655 
9 31 5565 
9 32 5475 
9 33 7515 
9 34 7470 
9 35 7380 
9 36 7200 
9 37 7020 
9 38 7470 
9 39 7740 
9 40 7965 
9 41 8235 
9 42 8325 
9 54 450 
9 55 770 
9 56 1050 
9 57 2040 
9 58 2270 
9 59 2730 
9 60 3040 
9 61 3960 
9 62 4290 
9 63 5100 
9 64 5430 
9 65 6240 
9 66 6570 
9 67 7470 
9 68 7700 
9 69 8510 
9 70 8510 
9 73 450 
9 81 1310 
9 82 2495 
9 83 2990 
9 84 3305 
9 85 2490 
9 86 2040 
9 87 3985 
9 88 2820 
9 89 4905 
9 90 4455 
9 91 5775 
9 92 5730 
9 93 5325 
9 94 5145 
9 95 7185 
9 96 7140 
9 97 7050 
9 98 6870 
9 99 6690 
9 100 7700 
9 101 7970 
9 102 8195 
9 103 8465 
9 104 8555 
9 105 450 
10 11 1320 
10 12 1995 
10 13 2490 
10 14 2805 
10 15 2450 
10 16 2000 
10 17 2730 
10 18 3270 
10 19 3405 
10 20 3540 
10 21 3850 
10 22 3580 
10 23 3040 
10 24 2860 
10 25 4965 
10 26 4515 
10 27 4965 
10 28 5835 
10 29 5790 
10 30 5385 
10 31 5295 
10 32 5205 
10 33 7245 
10 34 7200 
10 35 7110 
10 36 6930 
10 37 6750 
10 38 7200 
10 39 7470 
10 40 7695 
10 41 7965 
10 42 8055 
10 54 180 
10 55 500 
10 56 780 
10 57 1770 
10 58 2000 
10 59 2460 
10 60 2770 
10 61 3690 
10 62 4020 
10 63 4830 
10 64 5160 
10 65 5970 
10 66 6300 
10 67 7200 
10 68 7430 
10 69 8240 
10 70 8240 
10 73 180 
10 81 1040 
10 82 2225 
10 83 2720 
10 84 3035 
10 85 2220 
10 86 1770 
10 87 3715 
10 88 2550 
10 89 4635 
10 90 4185 
10 91 5505 
10 92 5460 
10 93 5055 
10 94 4875 
10 95 6915 
10 96 6870 
10 97 6780 
10 98 6600 
10 99 6420 
10 100 7430 
10 101 7700 
10 102 7925 
10 103 8195 
10 104 8285 
10 105 180 
11 12 1755 
11 13 2250 
11 14 2565 
11 15 2210 
11 16 1760 
11 17 2490 
11 18 3030 
11 19 3165 
11 20 3300 
11 21 3610 
11 22 3340 
11 23 2800 
11 24 2620 
11 25 4725 
11 26 4275 
11 27 4725 
11 28 5595 
11 29 5550 
11 30 5145 
11 31 5055 
11 32 4965 
11 33 7005 
11 34 6960 
11 35 6870 
11 36 6690 
11 37 6510 
11 38 6960 
11 39 7230 
11 40 7455 
11 41 7725 
11 42 7815 
11 56 540 
11 57 1530 
11 58 1760 
11 59 2220 
11 60 2530 
11 61 3450 
11 62 3780 
11 63 4590 
11 64 4920 
11 65 5730 
11 66 6060 
11 67 6960 
11 68 7190 
11 69 8000 
11 70 8000 
11 82 1985 
11 83 2480 
11 84 2795 
11 85 1980 
11 86 1530 
11 87 3475 
11 88 2310 
11 89 4395 
11 90 3945 
11 91 5265 
11 92 5220 
11 93 4815 
11 94 4635 
11 95 6675 
11 96 6630 
11 97 6540 
11 98 6360 
11 99 6180 
11 100 7190 
11 101 7460 
11 102 7685 
11 103 7955 
11 104 8045 
11 105 540 
12 13 495 
12 14 810 
12 15 455 
12 16 455 
12 17 1185 
12 18 1725 
12 19 1860 
12 20 1995 
12 21 2305 
12 22 2035 
12 23 1495 
12 24 1315 
12 25 3420 
12 26 2970 
12 27 3420 
12 28 4290 
12 29 4245 
12 30 3840 
12 31 3750 
12 32 3660 
12 33 5700 
12 34 5655 
12 35 5565 
12 36 5385 
12 37 5205 
12 38 5655 
12 39 5925 
12 40 6150 
12 41 6420 
12 42 6510 
12 58 455 
12 59 915 
12 60 1225 
12 61 2145 
12 62 2475 
12 63 3285 
12 64 3615 
12 65 4425 
12 66 4755 
12 67 5655 
12 68 5885 
12 69 6695 
12 70 6695 
12 82 230 
12 83 725 
12 84 1040 
12 85 225 
12 87 2170 
12 88 1005 
12 89 3090 
12 90 2640 
12 91 3960 
12 92 3915 
12 93 3510 
12 94 3330 
12 95 5370 
12 96 5325 
12 97 5235 
12 98 5055 
12 99 4875 
12 100 5885 
12 101 6155 
12 102 6380 
12 103 6650 
12 104 6740 
12 105 455 
13 14 315 
13 15 500 
13 16 950 
13 17 1680 
13 18 2220 
13 19 2355 
13 20 2490 
13 21 2800 
13 22 2530 
13 23 1990 
13 24 1810 
13 25 3915 
13 26 3465 
13 27 3915 
13 28 4785 
13 29 4740 
13 30 4335 
13 31 4245 
13 32 4155 
13 33 6195 
13 34 6150 
13 35 6060 
13 36 5880 
13 37 5700 
13 38 6150 
13 39 6420 
13 40 6645 
13 41 6915 
13 42 7005 
13 58 950 
13 59 1410 
13 60 1720 
13 61 2640 
13 62 2970 
13 63 3780 
13 64 4110 
13 65 4920 
13 66 5250 
13 67 6150 
13 68 6380 
13 69 7190 
13 70 7190 
13 82 725 
13 83 230 
13 84 545 
13 87 2665 
13 88 1500 
13 89 3585 
13 90 3135 
13 91 4455 
13 92 4410 
13 93 4005 
13 94 3825 
13 95 5865 
13 96 5820 
13 97 5730 
13 98 5550 
13 99 5370 
13 100 6380 
13 101 6650 
13 102 6875 
13 103 7145 
13 104 7235 
13 105 950 
14 15 815 
14 16 1265 
14 17 1995 
14 18 2535 
14 19 2670 
14 20 2805 
14 21 3115 
14 22 2845 
14 23 2305 
14 24 2125 
14 25 4230 
14 26 3780 
14 27 4230 
14 28 5100 
14 29 5055 
14 30 4650 
14 31 4560 
14 32 4470 
14 33 6510 
14 34 6465 
14 35 6375 
14 36 6195 
14 37 6015 
14 38 6465 
14 39 6735 
14 40 6960 
14 41 7230 
14 42 7320 
14 58 1265 
14 59 1725 
14 60 2035 
14 61 2955 
14 62 3285 
14 63 4095 
14 64 4425 
14 65 5235 
14 66 5565 
14 67 6465 
14 68 6695 
14 69 7505 
14 70 7505 
14 82 1040 
14 83 545 
14 84 230 
14 87 2980 
14 88 1815 
14 89 3900 
14 90 3450 
14 91 4770 
14 92 4725 
14 93 4320 
14 94 4140 
14 95 6180 
14 96 6135 
14 97 6045 
14 98 5865 
14 99 5685 
14 100 6695 
14 101 6965 
14 102 7190 
14 103 7460 
14 104 7550 
14 105 1265 
15 16 450 
15 17 1180 
15 18 1720 
15 19 1855 
15 20 1990 
15 21 2300 
15 22 2030 
15 23 1490 
15 24 1310 
15 25 3415 
15 26 2965 
15 27 3415 
15 28 4285 
15 29 4240 
15 30 3835 
15 31 3745 
15 32 3655 
15 33 5695 
15 34 5650 
15 35 5560 
15 36 5380 
15 37 5200 
15 38 5650 
15 39 5920 
15 40 6145 
15 41 6415 
15 42 6505 
15 58 450 
15 59 910 
15 60 1220 
15 61 2140 
15 62 2470 
15 63 3280 
15 64 3610 
15 65 4420 
15 66 4750 
15 67 5650 
15 68 5880 
15 69 6690 
15 70 6690 
15 82 225 
15 87 2165 
15 88 1000 
15 89 3085 
15 90 2635 
15 91 3955 
15 92 3910 
15 93 3505 
15 94 3325 
15 95 5365 
15 96 5320 
15 97 5230 
15 98 5050 
15 99 4870 
15 100 5880 
15 101 6150 
15 102 6375 
15 103 6645 
15 104 6735 
15 105 450 
16 17 730 
16 18 1270 
16 19 1405 
16 20 1540 
16 21 1850 
16 22 1580 
16 23 1040 
16 24 860 
16 25 2965 
16 26 2515 
16 27 2965 
16 28 3835 
16 29 3790 
16 30 3385 
16 31 3295 
16 32 3205 
16 33 5245 
16 34 5200 
16 35 5110 
16 36 4930 
16 37 4750 
16 38 5200 
16 39 5470 
16 40 5695 
16 41 5965 
16 42 6055 
16 58 0 
16 59 460 
16 60 770 
16 61 1690 
16 62 2020 
16 63 2830 
16 64 3160 
16 65 3970 
16 66 4300 
16 67 5200 
16 68 5430 
16 69 6240 
16 70 6240 
16 87 1715 
16 88 550 
16 89 2635 
16 90 2185 
16 91 3505 
16 92 3460 
16 93 3055 
16 94 2875 
16 95 4915 
16 96 4870 
16 97 4780 
16 98 4600 
16 99 4420 
16 100 5430 
16 101 5700 
16 102 5925 
16 103 6195 
16 104 6285 
16 105 0 
17 18 540 
17 19 675 
17 20 810 
17 21 1120 
17 22 850 
17 23 310 
17 24 490 
17 25 2775 
17 26 2325 
17 27 2775 
17 28 3645 
17 29 3600 
17 30 3195 
17 31 3105 
17 32 3015 
17 33 5055 
17 34 5010 
17 35 4920 
17 36 4740 
17 37 4560 
17 38 5010 
17 39 5280 
17 40 5505 
17 41 5775 
17 42 5865 
17 60 580 
17 61 1500 
17 62 1830 
17 63 2640 
17 64 2970 
17 65 3780 
17 66 4110 
17 67 5010 
17 68 5240 
17 69 6050 
17 70 6050 
17 87 985 
17 89 2445 
17 90 1995 
17 91 3315 
17 92 3270 
17 93 2865 
17 94 2685 
17 95 4725 
17 96 4680 
17 97 4590 
17 98 4410 
17 99 4230 
17 100 5240 
17 101 5510 
17 102 5735 
17 103 6005 
17 104 6095 
17 105 580 
18 19 135 
18 20 270 
18 21 580 
18 22 310 
18 23 850 
18 24 1030 
18 25 3315 
18 26 2865 
18 27 3315 
18 28 4185 
18 29 4140 
18 30 3735 
18 31 3645 
18 32 3555 
18 33 5595 
18 34 5550 
18 35 5460 
18 36 5280 
18 37 5100 
18 38 5550 
18 39 5820 
18 40 6045 
18 41 6315 
18 42 6405 
18 60 1120 
18 61 2040 
18 62 2370 
18 63 3180 
18 64 3510 
18 65 4320 
18 66 4650 
18 67 5550 
18 68 5780 
18 69 6590 
18 70 6590 
18 87 445 
18 89 2985 
18 90 2535 
18 91 3855 
18 92 3810 
18 93 3405 
18 94 3225 
18 95 5265 
18 96 5220 
18 97 5130 
18 98 4950 
18 99 4770 
18 100 5780 
18 101 6050 
18 102 6275 
18 103 6545 
18 104 6635 
18 105 1120 
19 20 135 
19 21 445 
19 22 445 
19 23 985 
19 24 1165 
19 25 3450 
19 26 3000 
19 27 3450 
19 28 4320 
19 29 4275 
19 30 3870 
19 31 3780 
19 32 3690 
19 33 5730 
19 34 5685 
19 35 5595 
19 36 5415 
19 37 5235 
19 38 5685 
19 39 5955 
19 40 6180 
19 41 6450 
19 42 6540 
19 60 1255 
19 61 2175 
19 62 2505 
19 63 3315 
19 64 3645 
19 65 4455 
19 66 4785 
19 67 5685 
19 68 5915 
19 69 6725 
19 70 6725 
19 87 310 
19 89 3120 
19 90 2670 
19 91 3990 
19 92 3945 
19 93 3540 
19 94 3360 
19 95 5400 
19 96 5355 
19 97 5265 
19 98 5085 
19 99 4905 
19 100 5915 
19 101 6185 
19 102 6410 
19 103 6680 
19 104 6770 
19 105 1255 
20 21 310 
20 22 580 
20 23 1120 
20 24 1300 
20 25 3585 
20 26 3135 
20 27 3585 
20 28 4455 
20 29 4410 
20 30 4005 
20 31 3915 
20 32 3825 
20 33 5865 
20 34 5820 
20 35 5730 
20 36 5550 
20 37 5370 
20 38 5820 
20 39 6090 
20 40 6315 
20 41 6585 
20 42 6675 
20 60 1390 
20 61 2310 
20 62 2640 
20 63 3450 
20 64 3780 
20 65 4590 
20 66 4920 
20 67 5820 
20 68 6050 
20 69 6860 
20 70 6860 
20 87 445 
20 89 3255 
20 90 2805 
20 91 4125 
20 92 4080 
20 93 3675 
20 94 3495 
20 95 5535 
20 96 5490 
20 97 5400 
20 98 5220 
20 99 5040 
20 100 6050 
20 101 6320 
20 102 6545 
20 103 6815 
20 104 6905 
20 105 1390 
21 22 270 
21 23 810 
21 24 990 
21 25 3275 
21 26 2825 
21 27 3275 
21 28 4145 
21 29 4100 
21 30 3695 
21 31 3605 
21 32 3515 
21 33 5555 
21 34 5510 
21 35 5420 
21 36 5240 
21 37 5060 
21 38 5510 
21 39 5780 
21 40 6005 
21 41 6275 
21 42 6365 
21 60 1080 
21 61 2000 
21 62 2330 
21 63 3140 
21 64 3470 
21 65 4280 
21 66 4610 
21 67 5510 
21 68 5740 
21 69 6550 
21 70 6550 
21 87 135 
21 89 2945 
21 90 2495 
21 91 3815 
21 92 3770 
21 93 3365 
21 94 3185 
21 95 5225 
21 96 5180 
21 97 5090 
21 98 4910 
21 99 4730 
21 100 5740 
21 101 6010 
21 102 6235 
21 103 6505 
21 104 6595 
21 105 1080 
22 23 540 
22 24 720 
22 25 3005 
22 26 2555 
22 27 3005 
22 28 3875 
22 29 3830 
22 30 3425 
22 31 3335 
22 32 3245 
22 33 5285 
22 34 5240 
22 35 5150 
22 36 4970 
22 37 4790 
22 38 5240 
22 39 5510 
22 40 5735 
22 41 6005 
22 42 6095 
22 60 810 
22 61 1730 
22 62 2060 
22 63 2870 
22 64 3200 
22 65 4010 
22 66 4340 
22 67 5240 
22 68 5470 
22 69 6280 
22 70 6280 
22 89 2675 
22 90 2225 
22 91 3545 
22 92 3500 
22 93 3095 
22 94 2915 
22 95 4955 
22 96 4910 
22 97 4820 
22 98 4640 
22 99 4460 
22 100 5470 
22 101 5740 
22 102 5965 
22 103 6235 
22 104 6325 
22 105 810 
23 24 180 
23 25 2465 
23 26 2015 
23 27 2465 
23 28 3335 
23 29 3290 
23 30 2885 
23 31 2795 
23 32 2705 
23 33 4745 
23 34 4700 
23 35 4610 
23 36 4430 
23 37 4250 
23 38 4700 
23 39 4970 
23 40 5195 
23 41 5465 
23 42 5555 
23 60 270 
23 61 1190 
23 62 1520 
23 63 2330 
23 64 2660 
23 65 3470 
23 66 3800 
23 67 4700 
23 68 4930 
23 69 5740 
23 70 5740 
23 89 2135 
23 90 1685 
23 91 3005 
23 92 2960 
23 93 2555 
23 94 2375 
23 95 4415 
23 96 4370 
23 97 4280 
23 98 4100 
23 99 3920 
23 100 4930 
23 101 5200 
23 102 5425 
23 103 5695 
23 104 5785 
23 105 270 
24 25 2285 
24 26 1835 
24 27 2285 
24 28 3155 
24 29 3110 
24 30 2705 
24 31 2615 
24 32 2525 
24 33 4565 
24 34 4520 
24 35 4430 
24 36 4250 
24 37 4070 
24 38 4520 
24 39 4790 
24 40 5015 
24 41 5285 
24 42 5375 
24 60 90 
24 61 1010 
24 62 1340 
24 63 2150 
24 64 2480 
24 65 3290 
24 66 3620 
24 67 4520 
24 68 4750 
24 69 5560 
24 70 5560 
24 89 1955 
24 90 1505 
24 91 2825 
24 92 2780 
24 93 2375 
24 94 2195 
24 95 4235 
24 96 4190 
24 97 4100 
24 98 3920 
24 99 3740 
24 100 4750 
24 101 5020 
24 102 5245 
24 103 5515 
24 104 5605 
24 105 90 
25 26 450 
25 27 1890 
25 28 2760 
25 29 2715 
25 30 2310 
25 31 2220 
25 32 2130 
25 33 4170 
25 34 4125 
25 35 4035 
25 36 3855 
25 37 3675 
25 38 4125 
25 39 4395 
25 40 4620 
25 41 4890 
25 42 4980 
25 62 945 
25 63 1755 
25 64 2085 
25 65 2895 
25 66 3225 
25 67 4125 
25 68 4355 
25 69 5165 
25 70 5165 
25 91 2430 
25 92 2385 
25 93 1980 
25 94 1800 
25 95 3840 
25 96 3795 
25 97 3705 
25 98 3525 
25 99 3345 
25 100 4355 
25 101 4625 
25 102 4850 
25 103 5120 
25 104 5210 
25 105 945 
26 27 1440 
26 28 2310 
26 29 2265 
26 30 1860 
26 31 1770 
26 32 1680 
26 33 3720 
26 34 3675 
26 35 3585 
26 36 3405 
26 37 3225 
26 38 3675 
26 39 3945 
26 40 4170 
26 41 4440 
26 42 4530 
26 62 495 
26 63 1305 
26 64 1635 
26 65 2445 
26 66 2775 
26 67 3675 
26 68 3905 
26 69 4715 
26 70 4715 
26 91 1980 
26 92 1935 
26 93 1530 
26 94 1350 
26 95 3390 
26 96 3345 
26 97 3255 
26 98 3075 
26 99 2895 
26 100 3905 
26 101 4175 
26 102 4400 
26 103 4670 
26 104 4760 
26 105 495 
27 28 870 
27 29 825 
27 30 420 
27 31 330 
27 32 420 
27 33 2550 
27 34 2505 
27 35 2415 
27 36 2235 
27 37 2055 
27 38 2505 
27 39 2775 
27 40 3000 
27 41 3270 
27 42 3360 
27 64 465 
27 65 1275 
27 66 1605 
27 67 2505 
27 68 2735 
27 69 3545 
27 70 3545 
27 91 540 
27 92 495 
27 93 90 
27 95 2220 
27 96 2175 
27 97 2085 
27 98 1905 
27 99 1725 
27 100 2735 
27 101 3005 
27 102 3230 
27 103 3500 
27 104 3590 
27 105 465 
28 29 45 
28 30 450 
28 31 540 
28 32 630 
28 33 2760 
28 34 2715 
28 35 2625 
28 36 2445 
28 37 2265 
28 38 2715 
28 39 2985 
28 40 3210 
28 41 3480 
28 42 3570 
28 64 675 
28 65 1485 
28 66 1815 
28 67 2715 
28 68 2945 
28 69 3755 
28 70 3755 
28 95 2430 
28 96 2385 
28 97 2295 
28 98 2115 
28 99 1935 
28 100 2945 
28 101 3215 
28 102 3440 
28 103 3710 
28 104 3800 
28 105 675 
29 30 405 
29 31 495 
29 32 585 
29 33 2715 
29 34 2670 
29 35 2580 
29 36 2400 
29 37 2220 
29 38 2670 
29 39 2940 
29 40 3165 
29 41 3435 
29 42 3525 
29 64 630 
29 65 1440 
29 66 1770 
29 67 2670 
29 68 2900 
29 69 3710 
29 70 3710 
29 95 2385 
29 96 2340 
29 97 2250 
29 98 2070 
29 99 1890 
29 100 2900 
29 101 3170 
29 102 3395 
29 103 3665 
29 104 3755 
29 105 630 
30 31 90 
30 32 180 
30 33 2310 
30 34 2265 
30 35 2175 
30 36 1995 
30 37 1815 
30 38 2265 
30 39 2535 
30 40 2760 
30 41 3030 
30 42 3120 
30 64 225 
30 65 1035 
30 66 1365 
30 67 2265 
30 68 2495 
30 69 3305 
30 70 3305 
30 95 1980 
30 96 1935 
30 97 1845 
30 98 1665 
30 99 1485 
30 100 2495 
30 101 2765 
30 102 2990 
30 103 3260 
30 104 3350 
30 105 225 
31 32 90 
31 33 2220 
31 34 2175 
31 35 2085 
31 36 1905 
31 37 1725 
31 38 2175 
31 39 2445 
31 40 2670 
31 41 2940 
31 42 3030 
31 64 135 
31 65 945 
31 66 1275 
31 67 2175 
31 68 2405 
31 69 3215 
31 70 3215 
31 95 1890 
31 96 1845 
31 97 1755 
31 98 1575 
31 99 1395 
31 100 2405 
31 101 2675 
31 102 2900 
31 103 3170 
31 104 3260 
31 105 135 
32 33 2130 
32 34 2085 
32 35 1995 
32 36 1815 
32 37 1635 
32 38 2085 
32 39 2355 
32 40 2580 
32 41 2850 
32 42 2940 
32 64 45 
32 65 855 
32 66 1185 
32 67 2085 
32 68 2315 
32 69 3125 
32 70 3125 
32 95 1800 
32 96 1755 
32 97 1665 
32 98 1485 
32 99 1305 
32 100 2315 
32 101 2585 
32 102 2810 
32 103 3080 
32 104 3170 
32 105 45 
33 34 45 
33 35 135 
33 36 315 
33 37 495 
33 38 1845 
33 39 2115 
33 40 2340 
33 41 2610 
33 42 2700 
33 66 945 
33 67 1845 
33 68 2075 
33 69 2885 
33 70 2885 
33 100 2075 
33 101 2345 
33 102 2570 
33 103 2840 
33 104 2930 
33 105 945 
34 35 90 
34 36 270 
34 37 450 
34 38 1800 
34 39 2070 
34 40 2295 
34 41 2565 
34 42 2655 
34 66 900 
34 67 1800 
34 68 2030 
34 69 2840 
34 70 2840 
34 100 2030 
34 101 2300 
34 102 2525 
34 103 2795 
34 104 2885 
34 105 900 
35 36 180 
35 37 360 
35 38 1710 
35 39 1980 
35 40 2205 
35 41 2475 
35 42 2565 
35 66 810 
35 67 1710 
35 68 1940 
35 69 2750 
35 70 2750 
35 100 1940 
35 101 2210 
35 102 2435 
35 103 2705 
35 104 2795 
35 105 810 
36 37 180 
36 38 1530 
36 39 1800 
36 40 2025 
36 41 2295 
36 42 2385 
36 66 630 
36 67 1530 
36 68 1760 
36 69 2570 
36 70 2570 
36 100 1760 
36 101 2030 
36 102 2255 
36 103 2525 
36 104 2615 
36 105 630 
37 38 1350 
37 39 1620 
37 40 1845 
37 41 2115 
37 42 2205 
37 66 450 
37 67 1350 
37 68 1580 
37 69 2390 
37 70 2390 
37 100 1580 
37 101 1850 
37 102 2075 
37 103 2345 
37 104 2435 
37 105 450 
38 39 270 
38 40 495 
38 41 765 
38 42 855 
38 68 230 
38 69 1040 
38 70 1040 
38 100 230 
38 101 500 
38 102 725 
38 103 995 
38 104 1085 
38 105 230 
39 40 225 
39 41 495 
39 42 585 
39 68 500 
39 69 1310 
39 70 1310 
39 100 500 
39 101 230 
39 102 455 
39 103 725 
39 104 815 
39 105 500 
40 41 270 
40 42 360 
40 68 725 
40 69 1535 
40 70 1535 
40 100 725 
40 101 455 
40 102 230 
40 103 500 
40 104 590 
40 105 725 
41 42 90 
41 68 995 
41 69 1805 
41 70 1805 
41 100 995 
41 101 725 
41 102 500 
41 103 230 
41 104 320 
41 105 995 
42 68 1085 
42 69 1895 
42 70 1895 
42 100 1085 
42 101 815 
42 102 590 
42 103 320 
42 104 230 
42 105 1085 
43 1 4980 
43 2 5655 
43 3 5970 
43 4 6960 
43 5 7380 
43 6 7065 
43 7 6840 
43 8 6795 
43 9 6750 
43 10 6480 
43 11 7440 
43 12 8115 
43 13 8610 
43 14 8925 
43 15 8570 
43 16 8120 
43 17 8850 
43 18 9390 
43 19 9525 
43 20 9660 
43 21 9970 
43 22 9700 
43 23 9160 
43 24 8980 
43 25 11085 
43 26 10635 
43 27 11085 
43 28 11955 
43 29 11910 
43 30 11505 
43 31 11415 
43 32 11325 
43 33 13365 
43 34 13320 
43 35 13230 
43 36 13050 
43 37 12870 
43 38 13320 
43 39 13590 
43 40 13815 
43 41 14085 
43 42 14175 
43 44 330 
43 45 1290 
43 46 1620 
43 47 2430 
43 48 2760 
43 49 3570 
43 50 3900 
43 51 4710 
43 52 5160 
43 53 5970 
43 54 6300 
43 55 6620 
43 56 6900 
43 57 7890 
43 58 8120 
43 59 8580 
43 60 8890 
43 61 9810 
43 62 10140 
43 63 10950 
43 64 11280 
43 65 12090 
43 66 12420 
43 67 13320 
43 68 13550 
43 69 14360 
43 70 14360 
43 71 5430 
43 72 5205 
43 73 6300 
43 74 7290 
43 75 7050 
43 76 6735 
43 77 6510 
43 78 6465 
43 79 6420 
43 80 6150 
43 81 7160 
43 82 8345 
43 83 8840 
43 84 9155 
43 85 8340 
43 86 7890 
43 87 9835 
43 88 8670 
43 89 10755 
43 90 10305 
43 91 11625 
43 92 11580 
43 93 11175 
43 94 10995 
43 95 13035 
43 96 12990 
43 97 12900 
43 98 12720 
43 99 12540 
43 100 13550 
43 101 13820 
43 102 14045 
43 103 14315 
43 104 14405 
43 105 330 
44 1 4650 
44 2 5325 
44 3 5640 
44 4 6630 
44 5 7050 
44 6 6735 
44 7 6510 
44 8 6465 
44 9 6420 
44 10 6150 
44 11 7110 
44 12 7785 
44 13 8280 
44 14 8595 
44 15 8240 
44 16 7790 
44 17 8520 
44 18 9060 
44 19 9195 
44 20 9330 
44 21 9640 
44 22 9370 
44 23 8830 
44 24 8650 
44 25 10755 
44 26 10305 
44 27 10755 
44 28 11625 
44 29 11580 
44 30 11175 
44 31 11085 
44 32 10995 
44 33 13035 
44 34 12990 
44 35 12900 
44 36 12720 
44 37 12540 
44 38 12990 
44 39 13260 
44 40 13485 
44 41 13755 
44 42 13845 
44 45 960 
44 46 1290 
44 47 2100 
44 48 2430 
44 49 3240 
44 50 3570 
44 51 4380 
44 52 4830 
44 53 5640 
44 54 5970 
44 55 6290 
44 56 6570 
44 57 7560 
44 58 7790 
44 59 8250 
44 60 8560 
44 61 9480 
44 62 9810 
44 63 10620 
44 64 10950 
44 65 11760 
44 66 12090 
44 67 12990 
44 68 13220 
44 69 14030 
44 70 14030 
44 71 5100 
44 72 4875 
44 73 5970 
44 74 6960 
44 75 6720 
44 76 6405 
44 77 6180 
44 78 6135 
44 79 6090 
44 80 5820 
44 81 6830 
44 82 8015 
44 83 8510 
44 84 8825 
44 85 8010 
44 86 7560 
44 87 9505 
44 88 8340 
44 89 10425 
44 90 9975 
44 91 11295 
44 92 11250 
44 93 10845 
44 94 10665 
44 95 12705 
44 96 12660 
44 97 12570 
44 98 12390 
44 99 12210 
44 100 13220 
44 101 13490 
44 102 13715 
44 103 13985 
44 104 14075 
44 105 0 
45 1 3690 
45 2 4365 
45 3 4680 
45 4 5670 
45 5 6090 
45 6 5775 
45 7 5550 
45 8 5505 
45 9 5460 
45 10 5190 
45 11 6150 
45 12 6825 
45 13 7320 
45 14 7635 
45 15 7280 
45 16 6830 
45 17 7560 
45 18 8100 
45 19 8235 
45 20 8370 
45 21 8680 
45 22 8410 
45 23 7870 
45 24 7690 
45 25 9795 
45 26 9345 
45 27 9795 
45 28 10665 
45 29 10620 
45 30 10215 
45 31 10125 
45 32 10035 
45 33 12075 
45 34 12030 
45 35 11940 
45 36 11760 
45 37 11580 
45 38 12030 
45 39 12300 
45 40 12525 
45 41 12795 
45 42 12885 
45 46 330 
45 47 1140 
45 48 1470 
45 49 2280 
45 50 2610 
45 51 3420 
45 52 3870 
45 53 4680 
45 54 5010 
45 55 5330 
45 56 5610 
45 57 6600 
45 58 6830 
45 59 7290 
45 60 7600 
45 61 8520 
45 62 8850 
45 63 9660 
45 64 9990 
45 65 10800 
45 66 11130 
45 67 12030 
45 68 12260 
45 69 13070 
45 70 13070 
45 71 4140 
45 72 3915 
45 73 5010 
45 74 6000 
45 75 5760 
45 76 5445 
45 77 5220 
45 78 5175 
45 79 5130 
45 80 4860 
45 81 5870 
45 82 7055 
45 83 7550 
45 84 7865 
45 85 7050 
45 86 6600 
45 87 8545 
45 88 7380 
45 89 9465 
45 90 9015 
45 91 10335 
45 92 10290 
45 93 9885 
45 94 9705 
45 95 11745 
45 96 11700 
45 97 11610 
45 98 11430 
45 99 11250 
45 100 12260 
45 101 12530 
45 102 12755 
45 103 13025 
45 104 13115 
45 105 330 
46 1 3360 
46 2 4035 
46 3 4350 
46 4 5340 
46 5 5760 
46 6 5445 
46 7 5220 
46 8 5175 
46 9 5130 
46 10 4860 
46 11 5820 
46 12 6495 
46 13 6990 
46 14 7305 
46 15 6950 
46 16 6500 
46 17 7230 
46 18 7770 
46 19 7905 
46 20 8040 
46 21 8350 
46 22 8080 
46 23 7540 
46 24 7360 
46 25 9465 
46 26 9015 
46 27 9465 
46 28 10335 
46 29 10290 
46 30 9885 
46 31 9795 
46 32 9705 
46 33 11745 
46 34 11700 
46 35 11610 
46 36 11430 
46 37 11250 
46 38 11700 
46 39 11970 
46 40 12195 
46 41 12465 
46 42 12555 
46 47 810 
46 48 1140 
46 49 1950 
46 50 2280 
46 51 3090 
46 52 3540 
46 53 4350 
46 54 4680 
46 55 5000 
46 56 5280 
46 57 6270 
46 58 6500 
46 59 6960 
46 60 7270 
46 61 8190 
46 62 8520 
46 63 9330 
46 64 9660 
46 65 10470 
46 66 10800 
46 67 11700 
46 68 11930 
46 69 12740 
46 70 12740 
46 71 3810 
46 72 3585 
46 73 4680 
46 74 5670 
46 75 5430 
46 76 5115 
46 77 4890 
46 78 4845 
46 79 4800 
46 80 4530 
46 81 5540 
46 82 6725 
46 83 7220 
46 84 7535 
46 85 6720 
46 86 6270 
46 87 8215 
46 88 7050 
46 89 9135 
46 90 8685 
46 91 10005 
46 92 9960 
46 93 9555 
46 94 9375 
46 95 11415 
46 96 11370 
46 97 11280 
46 98 11100 
46 99 10920 
46 100 11930 
46 101 12200 
46 102 12425 
46 103 12695 
46 104 12785 
46 105 0 
47 1 2550 
47 2 3225 
47 3 3540 
47 4 4530 
47 5 4950 
47 6 4635 
47 7 4410 
47 8 4365 
47 9 4320 
47 10 4050 
47 11 5010 
47 12 5685 
47 13 6180 
47 14 6495 
47 15 6140 
47 16 5690 
47 17 6420 
47 18 6960 
47 19 7095 
47 20 7230 
47 21 7540 
47 22 7270 
47 23 6730 
47 24 6550 
47 25 8655 
47 26 8205 
47 27 8655 
47 28 9525 
47 29 9480 
47 30 9075 
47 31 8985 
47 32 8895 
47 33 10935 
47 34 10890 
47 35 10800 
47 36 10620 
47 37 10440 
47 38 10890 
47 39 11160 
47 40 11385 
47 41 11655 
47 42 11745 
47 48 330 
47 49 1140 
47 50 1470 
47 51 2280 
47 52 2730 
47 53 3540 
47 54 3870 
47 55 4190 
47 56 4470 
47 57 5460 
47 58 5690 
47 59 6150 
47 60 6460 
47 61 7380 
47 62 7710 
47 63 8520 
47 64 8850 
47 65 9660 
47 66 9990 
47 67 10890 
47 68 11120 
47 69 11930 
47 70 11930 
47 71 3000 
47 72 2775 
47 73 3870 
47 74 4860 
47 75 4620 
47 76 4305 
47 77 4080 
47 78 4035 
47 79 3990 
47 80 3720 
47 81 4730 
47 82 5915 
47 83 6410 
47 84 6725 
47 85 5910 
47 86 5460 
47 87 7405 
47 88 6240 
47 89 8325 
47 90 7875 
47 91 9195 
47 92 9150 
47 93 8745 
47 94 8565 
47 95 10605 
47 96 10560 
47 97 10470 
47 98 10290 
47 99 10110 
47 100 11120 
47 101 11390 
47 102 11615 
47 103 11885 
47 104 11975 
47 105 330 
48 1 2220 
48 2 2895 
48 3 3210 
48 4 4200 
48 5 4620 
48 6 4305 
48 7 4080 
48 8 4035 
48 9 3990 
48 10 3720 
48 11 4680 
48 12 5355 
48 13 5850 
48 14 6165 
48 15 5810 
48 16 5360 
48 17 6090 
48 18 6630 
48 19 6765 
48 20 6900 
48 21 7210 
48 22 6940 
48 23 6400 
48 24 6220 
48 25 8325 
48 26 7875 
48 27 8325 
48 28 9195 
48 29 9150 
48 30 8745 
48 31 8655 
48 32 8565 
48 33 10605 
48 34 10560 
48 35 10470 
48 36 10290 
48 37 10110 
48 38 10560 
48 39 10830 
48 40 11055 
48 41 11325 
48 42 11415 
48 49 810 
48 50 1140 
48 51 1950 
48 52 2400 
48 53 3210 
48 54 3540 
48 55 3860 
48 56 4140 
48 57 5130 
48 58 5360 
48 59 5820 
48 60 6130 
48 61 7050 
48 62 7380 
48 63 8190 
48 64 8520 
48 65 9330 
48 66 9660 
48 67 10560 
48 68 10790 
48 69 11600 
48 70 11600 
48 71 2670 
48 72 2445 
48 73 3540 
48 74 4530 
48 75 4290 
48 76 3975 
48 77 3750 
48 78 3705 
48 79 3660 
48 80 3390 
48 81 4400 
48 82 5585 
48 83 6080 
48 84 6395 
48 85 5580 
48 86 5130 
48 87 7075 
48 88 5910 
48 89 7995 
48 90 7545 
48 91 8865 
48 92 8820 
48 93 8415 
48 94 8235 
48 95 10275 
48 96 10230 
48 97 10140 
48 98 9960 
48 99 9780 
48 100 10790 
48 101 11060 
48 102 11285 
48 103 11555 
48 104 11645 
48 105 0 
49 1 1410 
49 2 2085 
49 3 2400 
49 4 3390 
49 5 3810 
49 6 3495 
49 7 3270 
49 8 3225 
49 9 3180 
49 10 2910 
49 11 3870 
49 12 4545 
49 13 5040 
49 14 5355 
49 15 5000 
49 16 4550 
49 17 5280 
49 18 5820 
49 19 5955 
49 20 6090 
49 21 6400 
49 22 6130 
49 23 5590 
49 24 5410 
49 25 7515 
49 26 7065 
49 27 7515 
49 28 8385 
49 29 8340 
49 30 7935 
49 31 7845 
49 32 7755 
49 33 9795 
49 34 9750 
49 35 9660 
49 36 9480 
49 37 9300 
49 38 9750 
49 39 10020 
49 40 10245 
49 41 10515 
49 42 10605 
49 50 330 
49 51 1140 
49 52 1590 
49 53 2400 
49 54 2730 
49 55 3050 
49 56 3330 
49 57 4320 
49 58 4550 
49 59 5010 
49 60 5320 
49 61 6240 
49 62 6570 
49 63 7380 
49 64 7710 
49 65 8520 
49 66 8850 
49 67 9750 
49 68 9980 
49 69 10790 
49 70 10790 
49 71 1860 
49 72 1635 
49 73 2730 
49 74 3720 
49 75 3480 
49 76 3165 
49 77 2940 
49 78 2895 
49 79 2850 
49 80 2580 
49 81 3590 
49 82 4775 
49 83 5270 
49 84 5585 
49 85 4770 
49 86 4320 
49 87 6265 
49 88 5100 
49 89 7185 
49 90 6735 
49 91 8055 
49 92 8010 
49 93 7605 
49 94 7425 
49 95 9465 
49 96 9420 
49 97 9330 
49 98 9150 
49 99 8970 
49 100 9980 
49 101 10250 
49 102 10475 
49 103 10745 
49 104 10835 
49 105 330 
50 1 1080 
50 2 1755 
50 3 2070 
50 4 3060 
50 5 3480 
50 6 3165 
50 7 2940 
50 8 2895 
50 9 2850 
50 10 2580 
50 11 3540 
50 12 4215 
50 13 4710 
50 14 5025 
50 15 4670 
50 16 4220 
50 17 4950 
50 18 5490 
50 19 5625 
50 20 5760 
50 21 6070 
50 22 5800 
50 23 5260 
50 24 5080 
50 25 7185 
50 26 6735 
50 27 7185 
50 28 8055 
50 29 8010 
50 30 7605 
50 31 7515 
50 32 7425 
50 33 9465 
50 34 9420 
50 35 9330 
50 36 9150 
50 37 8970 
50 38 9420 
50 39 9690 
50 40 9915 
50 41 10185 
50 42 10275 
50 51 810 
50 52 1260 
50 53 2070 
50 54 2400 
50 55 2720 
50 56 3000 
50 57 3990 
50 58 4220 
50 59 4680 
50 60 4990 
50 61 5910 
50 62 6240 
50 63 7050 
50 64 7380 
50 65 8190 
50 66 8520 
50 67 9420 
50 68 9650 
50 69 10460 
50 70 10460 
50 71 1530 
50 72 1305 
50 73 2400 
50 74 3390 
50 75 3150 
50 76 2835 
50 77 2610 
50 78 2565 
50 79 2520 
50 80 2250 
50 81 3260 
50 82 4445 
50 83 4940 
50 84 5255 
50 85 4440 
50 86 3990 
50 87 5935 
50 88 4770 
50 89 6855 
50 90 6405 
50 91 7725 
50 92 7680 
50 93 7275 
50 94 7095 
50 95 9135 
50 96 9090 
50 97 9000 
50 98 8820 
50 99 8640 
50 100 9650 
50 101 9920 
50 102 10145 
50 103 10415 
50 104 10505 
50 105 0 
51 1 270 
51 2 945 
51 3 1260 
51 4 2250 
51 5 2670 
51 6 2355 
51 7 2130 
51 8 2085 
51 9 2040 
51 10 1770 
51 11 2730 
51 12 3405 
51 13 3900 
51 14 4215 
51 15 3860 
51 16 3410 
51 17 4140 
51 18 4680 
51 19 4815 
51 20 4950 
51 21 5260 
51 22 4990 
51 23 4450 
51 24 4270 
51 25 6375 
51 26 5925 
51 27 6375 
51 28 7245 
51 29 7200 
51 30 6795 
51 31 6705 
51 32 6615 
51 33 8655 
51 34 8610 
51 35 8520 
51 36 8340 
51 37 8160 
51 38 8610 
51 39 8880 
51 40 9105 
51 41 9375 
51 42 9465 
51 52 450 
51 53 1260 
51 54 1590 
51 55 1910 
51 56 2190 
51 57 3180 
51 58 3410 
51 59 3870 
51 60 4180 
51 61 5100 
51 62 5430 
51 63 6240 
51 64 6570 
51 65 7380 
51 66 7710 
51 67 8610 
51 68 8840 
51 69 9650 
51 70 9650 
51 71 720 
51 72 495 
51 73 1590 
51 74 2580 
51 75 2340 
51 76 2025 
51 77 1800 
51 78 1755 
51 79 1710 
51 80 1440 
51 81 2450 
51 82 3635 
51 83 4130 
51 84 4445 
51 85 3630 
51 86 3180 
51 87 5125 
51 88 3960 
51 89 6045 
51 90 5595 
51 91 6915 
51 92 6870 
51 93 6465 
51 94 6285 
51 95 8325 
51 96 8280 
51 97 8190 
51 98 8010 
51 99 7830 
51 100 8840 
51 101 9110 
51 102 9335 
51 103 9605 
51 104 9695 
51 105 450 
52 3 810 
52 4 1800 
52 5 2220 
52 6 1905 
52 7 1680 
52 8 1635 
52 9 1590 
52 10 1320 
52 11 2280 
52 12 2955 
52 13 3450 
52 14 3765 
52 15 3410 
52 16 2960 
52 17 3690 
52 18 4230 
52 19 4365 
52 20 4500 
52 21 4810 
52 22 4540 
52 23 4000 
52 24 3820 
52 25 5925 
52 26 5475 
52 27 5925 
52 28 6795 
52 29 6750 
52 30 6345 
52 31 6255 
52 32 6165 
52 33 8205 
52 34 8160 
52 35 8070 
52 36 7890 
52 37 7710 
52 38 8160 
52 39 8430 
52 40 8655 
52 41 8925 
52 42 9015 
52 53 810 
52 54 1140 
52 55 1460 
52 56 1740 
52 57 2730 
52 58 2960 
52 59 3420 
52 60 3730 
52 61 4650 
52 62 4980 
52 63 5790 
52 64 6120 
52 65 6930 
52 66 7260 
52 67 8160 
52 68 8390 
52 69 9200 
52 70 9200 
52 73 1140 
52 74 2130 
52 75 1890 
52 76 1575 
52 77 1350 
52 78 1305 
52 79 1260 
52 80 990 
52 81 2000 
52 82 3185 
52 83 3680 
52 84 3995 
52 85 3180 
52 86 2730 
52 87 4675 
52 88 3510 
52 89 5595 
52 90 5145 
52 91 6465 
52 92 6420 
52 93 6015 
52 94 5835 
52 95 7875 
52 96 7830 
52 97 7740 
52 98 7560 
52 99 7380 
52 100 8390 
52 101 8660 
52 102 8885 
52 103 9155 
52 104 9245 
52 105 0 
53 3 0 
53 4 990 
53 5 1410 
53 6 1095 
53 7 870 
53 8 825 
53 9 780 
53 10 510 
53 11 1470 
53 12 2145 
53 13 2640 
53 14 2955 
53 15 2600 
53 16 2150 
53 17 2880 
53 18 3420 
53 19 3555 
53 20 3690 
53 21 4000 
53 22 3730 
53 23 3190 
53 24 3010 
53 25 5115 
53 26 4665 
53 27 5115 
53 28 5985 
53 29 5940 
53 30 5535 
53 31 5445 
53 32 5355 
53 33 7395 
53 34 7350 
53 35 7260 
53 36 7080 
53 37 6900 
53 38 7350 
53 39 7620 
53 40 7845 
53 41 8115 
53 42 8205 
53 54 330 
53 55 650 
53 56 930 
53 57 1920 
53 58 2150 
53 59 2610 
53 60 2920 
53 61 3840 
53 62 4170 
53 63 4980 
53 64 5310 
53 65 6120 
53 66 6450 
53 67 7350 
53 68 7580 
53 69 8390 
53 70 8390 
53 73 330 
53 74 1320 
53 75 1080 
53 76 765 
53 77 540 
53 78 495 
53 79 450 
53 80 180 
53 81 1190 
53 82 2375 
53 83 2870 
53 84 3185 
53 85 2370 
53 86 1920 
53 87 3865 
53 88 2700 
53 89 4785 
53 90 4335 
53 91 5655 
53 92 5610 
53 93 5205 
53 94 5025 
53 95 7065 
53 96 7020 
53 97 6930 
53 98 6750 
53 99 6570 
53 100 7580 
53 101 7850 
53 102 8075 
53 103 8345 
53 104 8435 
53 105 330 
54 11 1140 
54 12 1815 
54 13 2310 
54 14 2625 
54 15 2270 
54 16 1820 
54 17 2550 
54 18 3090 
54 19 3225 
54 20 3360 
54 21 3670 
54 22 3400 
54 23 2860 
54 24 2680 
54 25 4785 
54 26 4335 
54 27 4785 
54 28 5655 
54 29 5610 
54 30 5205 
54 31 5115 
54 32 5025 
54 33 7065 
54 34 7020 
54 35 6930 
54 36 6750 
54 37 6570 
54 38 7020 
54 39 7290 
54 40 7515 
54 41 7785 
54 42 7875 
54 55 320 
54 56 600 
54 57 1590 
54 58 1820 
54 59 2280 
54 60 2590 
54 61 3510 
54 62 3840 
54 63 4650 
54 64 4980 
54 65 5790 
54 66 6120 
54 67 7020 
54 68 7250 
54 69 8060 
54 70 8060 
54 81 860 
54 82 2045 
54 83 2540 
54 84 2855 
54 85 2040 
54 86 1590 
54 87 3535 
54 88 2370 
54 89 4455 
54 90 4005 
54 91 5325 
54 92 5280 
54 93 4875 
54 94 4695 
54 95 6735 
54 96 6690 
54 97 6600 
54 98 6420 
54 99 6240 
54 100 7250 
54 101 7520 
54 102 7745 
54 103 8015 
54 104 8105 
54 105 0 
55 11 820 
55 12 1495 
55 13 1990 
55 14 2305 
55 15 1950 
55 16 1500 
55 17 2230 
55 18 2770 
55 19 2905 
55 20 3040 
55 21 3350 
55 22 3080 
55 23 2540 
55 24 2360 
55 25 4465 
55 26 4015 
55 27 4465 
55 28 5335 
55 29 5290 
55 30 4885 
55 31 4795 
55 32 4705 
55 33 6745 
55 34 6700 
55 35 6610 
55 36 6430 
55 37 6250 
55 38 6700 
55 39 6970 
55 40 7195 
55 41 7465 
55 42 7555 
55 56 280 
55 57 1270 
55 58 1500 
55 59 1960 
55 60 2270 
55 61 3190 
55 62 3520 
55 63 4330 
55 64 4660 
55 65 5470 
55 66 5800 
55 67 6700 
55 68 6930 
55 69 7740 
55 70 7740 
55 81 540 
55 82 1725 
55 83 2220 
55 84 2535 
55 85 1720 
55 86 1270 
55 87 3215 
55 88 2050 
55 89 4135 
55 90 3685 
55 91 5005 
55 92 4960 
55 93 4555 
55 94 4375 
55 95 6415 
55 96 6370 
55 97 6280 
55 98 6100 
55 99 5920 
55 100 6930 
55 101 7200 
55 102 7425 
55 103 7695 
55 104 7785 
55 105 280 
56 12 1215 
56 13 1710 
56 14 2025 
56 15 1670 
56 16 1220 
56 17 1950 
56 18 2490 
56 19 2625 
56 20 2760 
56 21 3070 
56 22 2800 
56 23 2260 
56 24 2080 
56 25 4185 
56 26 3735 
56 27 4185 
56 28 5055 
56 29 5010 
56 30 4605 
56 31 4515 
56 32 4425 
56 33 6465 
56 34 6420 
56 35 6330 
56 36 6150 
56 37 5970 
56 38 6420 
56 39 6690 
56 40 6915 
56 41 7185 
56 42 7275 
56 57 990 
56 58 1220 
56 59 1680 
56 60 1990 
56 61 2910 
56 62 3240 
56 63 4050 
56 64 4380 
56 65 5190 
56 66 5520 
56 67 6420 
56 68 6650 
56 69 7460 
56 70 7460 
56 82 1445 
56 83 1940 
56 84 2255 
56 85 1440 
56 86 990 
56 87 2935 
56 88 1770 
56 89 3855 
56 90 3405 
56 91 4725 
56 92 4680 
56 93 4275 
56 94 4095 
56 95 6135 
56 96 6090 
56 97 6000 
56 98 5820 
56 99 5640 
56 100 6650 
56 101 6920 
56 102 7145 
56 103 7415 
56 104 7505 
56 105 0 
57 12 225 
57 13 720 
57 14 1035 
57 15 680 
57 16 230 
57 17 960 
57 18 1500 
57 19 1635 
57 20 1770 
57 21 2080 
57 22 1810 
57 23 1270 
57 24 1090 
57 25 3195 
57 26 2745 
57 27 3195 
57 28 4065 
57 29 4020 
57 30 3615 
57 31 3525 
57 32 3435 
57 33 5475 
57 34 5430 
57 35 5340 
57 36 5160 
57 37 4980 
57 38 5430 
57 39 5700 
57 40 5925 
57 41 6195 
57 42 6285 
57 58 230 
57 59 690 
57 60 1000 
57 61 1920 
57 62 2250 
57 63 3060 
57 64 3390 
57 65 4200 
57 66 4530 
57 67 5430 
57 68 5660 
57 69 6470 
57 70 6470 
57 82 455 
57 83 950 
57 84 1265 
57 85 450 
57 86 0 
57 87 1945 
57 88 780 
57 89 2865 
57 90 2415 
57 91 3735 
57 92 3690 
57 93 3285 
57 94 3105 
57 95 5145 
57 96 5100 
57 97 5010 
57 98 4830 
57 99 4650 
57 100 5660 
57 101 5930 
57 102 6155 
57 103 6425 
57 104 6515 
57 105 230 
58 17 730 
58 18 1270 
58 19 1405 
58 20 1540 
58 21 1850 
58 22 1580 
58 23 1040 
58 24 860 
58 25 2965 
58 26 2515 
58 27 2965 
58 28 3835 
58 29 3790 
58 30 3385 
58 31 3295 
58 32 3205 
58 33 5245 
58 34 5200 
58 35 5110 
58 36 4930 
58 37 4750 
58 38 5200 
58 39 5470 
58 40 5695 
58 41 5965 
58 42 6055 
58 59 460 
58 60 770 
58 61 1690 
58 62 2020 
58 63 2830 
58 64 3160 
58 65 3970 
58 66 4300 
58 67 5200 
58 68 5430 
58 69 6240 
58 70 6240 
58 87 1715 
58 88 550 
58 89 2635 
58 90 2185 
58 91 3505 
58 92 3460 
58 93 3055 
58 94 2875 
58 95 4915 
58 96 4870 
58 97 4780 
58 98 4600 
58 99 4420 
58 100 5430 
58 101 5700 
58 102 5925 
58 103 6195 
58 104 6285 
58 105 0 
59 17 270 
59 18 810 
59 19 945 
59 20 1080 
59 21 1390 
59 22 1120 
59 23 580 
59 24 400 
59 25 2505 
59 26 2055 
59 27 2505 
59 28 3375 
59 29 3330 
59 30 2925 
59 31 2835 
59 32 2745 
59 33 4785 
59 34 4740 
59 35 4650 
59 36 4470 
59 37 4290 
59 38 4740 
59 39 5010 
59 40 5235 
59 41 5505 
59 42 5595 
59 60 310 
59 61 1230 
59 62 1560 
59 63 2370 
59 64 2700 
59 65 3510 
59 66 3840 
59 67 4740 
59 68 4970 
59 69 5780 
59 70 5780 
59 87 1255 
59 88 90 
59 89 2175 
59 90 1725 
59 91 3045 
59 92 3000 
59 93 2595 
59 94 2415 
59 95 4455 
59 96 4410 
59 97 4320 
59 98 4140 
59 99 3960 
59 100 4970 
59 101 5240 
59 102 5465 
59 103 5735 
59 104 5825 
59 105 310 
60 25 2195 
60 26 1745 
60 27 2195 
60 28 3065 
60 29 3020 
60 30 2615 
60 31 2525 
60 32 2435 
60 33 4475 
60 34 4430 
60 35 4340 
60 36 4160 
60 37 3980 
60 38 4430 
60 39 4700 
60 40 4925 
60 41 5195 
60 42 5285 
60 61 920 
60 62 1250 
60 63 2060 
60 64 2390 
60 65 3200 
60 66 3530 
60 67 4430 
60 68 4660 
60 69 5470 
60 70 5470 
60 89 1865 
60 90 1415 
60 91 2735 
60 92 2690 
60 93 2285 
60 94 2105 
60 95 4145 
60 96 4100 
60 97 4010 
60 98 3830 
60 99 3650 
60 100 4660 
60 101 4930 
60 102 5155 
60 103 5425 
60 104 5515 
60 105 0 
61 25 1275 
61 26 825 
61 27 1275 
61 28 2145 
61 29 2100 
61 30 1695 
61 31 1605 
61 32 1515 
61 33 3555 
61 34 3510 
61 35 3420 
61 36 3240 
61 37 3060 
61 38 3510 
61 39 3780 
61 40 4005 
61 41 4275 
61 42 4365 
61 62 330 
61 63 1140 
61 64 1470 
61 65 2280 
61 66 2610 
61 67 3510 
61 68 3740 
61 69 4550 
61 70 4550 
61 89 945 
61 90 495 
61 91 1815 
61 92 1770 
61 93 1365 
61 94 1185 
61 95 3225 
61 96 3180 
61 97 3090 
61 98 2910 
61 99 2730 
61 100 3740 
61 101 4010 
61 102 4235 
61 103 4505 
61 104 4595 
61 105 330 
62 27 945 
62 28 1815 
62 29 1770 
62 30 1365 
62 31 1275 
62 32 1185 
62 33 3225 
62 34 3180 
62 35 3090 
62 36 2910 
62 37 2730 
62 38 3180 
62 39 3450 
62 40 3675 
62 41 3945 
62 42 4035 
62 63 810 
62 64 1140 
62 65 1950 
62 66 2280 
62 67 3180 
62 68 3410 
62 69 4220 
62 70 4220 
62 91 1485 
62 92 1440 
62 93 1035 
62 94 855 
62 95 2895 
62 96 2850 
62 97 2760 
62 98 2580 
62 99 2400 
62 100 3410 
62 101 3680 
62 102 3905 
62 103 4175 
62 104 4265 
62 105 0 
63 27 135 
63 28 1005 
63 29 960 
63 30 555 
63 31 465 
63 32 375 
63 33 2415 
63 34 2370 
63 35 2280 
63 36 2100 
63 37 1920 
63 38 2370 
63 39 2640 
63 40 2865 
63 41 3135 
63 42 3225 
63 64 330 
63 65 1140 
63 66 1470 
63 67 2370 
63 68 2600 
63 69 3410 
63 70 3410 
63 91 675 
63 92 630 
63 93 225 
63 94 45 
63 95 2085 
63 96 2040 
63 97 1950 
63 98 1770 
63 99 1590 
63 100 2600 
63 101 2870 
63 102 3095 
63 103 3365 
63 104 3455 
63 105 330 
64 33 2085 
64 34 2040 
64 35 1950 
64 36 1770 
64 37 1590 
64 38 2040 
64 39 2310 
64 40 2535 
64 41 2805 
64 42 2895 
64 65 810 
64 66 1140 
64 67 2040 
64 68 2270 
64 69 3080 
64 70 3080 
64 95 1755 
64 96 1710 
64 97 1620 
64 98 1440 
64 99 1260 
64 100 2270 
64 101 2540 
64 102 2765 
64 103 3035 
64 104 3125 
64 105 0 
65 33 1275 
65 34 1230 
65 35 1140 
65 36 960 
65 37 780 
65 38 1230 
65 39 1500 
65 40 1725 
65 41 1995 
65 42 2085 
65 66 330 
65 67 1230 
65 68 1460 
65 69 2270 
65 70 2270 
65 95 945 
65 96 900 
65 97 810 
65 98 630 
65 99 450 
65 100 1460 
65 101 1730 
65 102 1955 
65 103 2225 
65 104 2315 
65 105 330 
66 38 900 
66 39 1170 
66 40 1395 
66 41 1665 
66 42 1755 
66 67 900 
66 68 1130 
66 69 1940 
66 70 1940 
66 100 1130 
66 101 1400 
66 102 1625 
66 103 1895 
66 104 1985 
66 105 0 
67 38 0 
67 39 270 
67 40 495 
67 41 765 
67 42 855 
67 68 230 
67 69 1040 
67 70 1040 
67 100 230 
67 101 500 
67 102 725 
67 103 995 
67 104 1085 
67 105 230 
68 69 810 
68 70 810 
68 105 0 
69 70 0 
69 105 0 
70 105 0 
71 3 1080 
71 4 2070 
71 5 2490 
71 6 2175 
71 7 1950 
71 8 1905 
71 9 1860 
71 10 1590 
71 11 2550 
71 12 3225 
71 13 3720 
71 14 4035 
71 15 3680 
71 16 3230 
71 17 3960 
71 18 4500 
71 19 4635 
71 20 4770 
71 21 5080 
71 22 4810 
71 23 4270 
71 24 4090 
71 25 6195 
71 26 5745 
71 27 6195 
71 28 7065 
71 29 7020 
71 30 6615 
71 31 6525 
71 32 6435 
71 33 8475 
71 34 8430 
71 35 8340 
71 36 8160 
71 37 7980 
71 38 8430 
71 39 8700 
71 40 8925 
71 41 9195 
71 42 9285 
71 52 270 
71 53 1080 
71 54 1410 
71 55 1730 
71 56 2010 
71 57 3000 
71 58 3230 
71 59 3690 
71 60 4000 
71 61 4920 
71 62 5250 
71 63 6060 
71 64 6390 
71 65 7200 
71 66 7530 
71 67 8430 
71 68 8660 
71 69 9470 
71 70 9470 
71 73 1410 
71 74 2400 
71 75 2160 
71 76 1845 
71 77 1620 
71 78 1575 
71 79 1530 
71 80 1260 
71 81 2270 
71 82 3455 
71 83 3950 
71 84 4265 
71 85 3450 
71 86 3000 
71 87 4945 
71 88 3780 
71 89 5865 
71 90 5415 
71 91 6735 
71 92 6690 
71 93 6285 
71 94 6105 
71 95 8145 
71 96 8100 
71 97 8010 
71 98 7830 
71 99 7650 
71 100 8660 
71 101 8930 
71 102 9155 
71 103 9425 
71 104 9515 
71 105 270 
72 2 450 
72 3 1755 
72 4 2745 
72 5 3165 
72 6 2850 
72 7 2625 
72 8 2580 
72 9 2535 
72 10 2265 
72 11 3225 
72 12 3900 
72 13 4395 
72 14 4710 
72 15 4355 
72 16 3905 
72 17 4635 
72 18 5175 
72 19 5310 
72 20 5445 
72 21 5755 
72 22 5485 
72 23 4945 
72 24 4765 
72 25 6870 
72 26 6420 
72 27 6870 
72 28 7740 
72 29 7695 
72 30 7290 
72 31 7200 
72 32 7110 
72 33 9150 
72 34 9105 
72 35 9015 
72 36 8835 
72 37 8655 
72 38 9105 
72 39 9375 
72 40 9600 
72 41 9870 
72 42 9960 
72 52 945 
72 53 1755 
72 54 2085 
72 55 2405 
72 56 2685 
72 57 3675 
72 58 3905 
72 59 4365 
72 60 4675 
72 61 5595 
72 62 5925 
72 63 6735 
72 64 7065 
72 65 7875 
72 66 8205 
72 67 9105 
72 68 9335 
72 69 10145 
72 70 10145 
72 71 675 
72 73 2085 
72 74 3075 
72 75 2835 
72 76 2520 
72 77 2295 
72 78 2250 
72 79 2205 
72 80 1935 
72 81 2945 
72 82 4130 
72 83 4625 
72 84 4940 
72 85 4125 
72 86 3675 
72 87 5620 
72 88 4455 
72 89 6540 
72 90 6090 
72 91 7410 
72 92 7365 
72 93 6960 
72 94 6780 
72 95 8820 
72 96 8775 
72 97 8685 
72 98 8505 
72 99 8325 
72 100 9335 
72 101 9605 
72 102 9830 
72 103 10100 
72 104 10190 
72 105 945 
73 11 1140 
73 12 1815 
73 13 2310 
73 14 2625 
73 15 2270 
73 16 1820 
73 17 2550 
73 18 3090 
73 19 3225 
73 20 3360 
73 21 3670 
73 22 3400 
73 23 2860 
73 24 2680 
73 25 4785 
73 26 4335 
73 27 4785 
73 28 5655 
73 29 5610 
73 30 5205 
73 31 5115 
73 32 5025 
73 33 7065 
73 34 7020 
73 35 6930 
73 36 6750 
73 37 6570 
73 38 7020 
73 39 7290 
73 40 7515 
73 41 7785 
73 42 7875 
73 54 0 
73 55 320 
73 56 600 
73 57 1590 
73 58 1820 
73 59 2280 
73 60 2590 
73 61 3510 
73 62 3840 
73 63 4650 
73 64 4980 
73 65 5790 
73 66 6120 
73 67 7020 
73 68 7250 
73 69 8060 
73 70 8060 
73 81 860 
73 82 2045 
73 83 2540 
73 84 2855 
73 85 2040 
73 86 1590 
73 87 3535 
73 88 2370 
73 89 4455 
73 90 4005 
73 91 5325 
73 92 5280 
73 93 4875 
73 94 4695 
73 95 6735 
73 96 6690 
73 97 6600 
73 98 6420 
73 99 6240 
73 100 7250 
73 101 7520 
73 102 7745 
73 103 8015 
73 104 8105 
73 105 0 
74 6 225 
74 7 450 
74 8 495 
74 9 540 
74 10 810 
74 11 2130 
74 12 2805 
74 13 3300 
74 14 3615 
74 15 3260 
74 16 2810 
74 17 3540 
74 18 4080 
74 19 4215 
74 20 4350 
74 21 4660 
74 22 4390 
74 23 3850 
74 24 3670 
74 25 5775 
74 26 5325 
74 27 5775 
74 28 6645 
74 29 6600 
74 30 6195 
74 31 6105 
74 32 6015 
74 33 8055 
74 34 8010 
74 35 7920 
74 36 7740 
74 37 7560 
74 38 8010 
74 39 8280 
74 40 8505 
74 41 8775 
74 42 8865 
74 54 990 
74 55 1310 
74 56 1590 
74 57 2580 
74 58 2810 
74 59 3270 
74 60 3580 
74 61 4500 
74 62 4830 
74 63 5640 
74 64 5970 
74 65 6780 
74 66 7110 
74 67 8010 
74 68 8240 
74 69 9050 
74 70 9050 
74 73 990 
74 81 1850 
74 82 3035 
74 83 3530 
74 84 3845 
74 85 3030 
74 86 2580 
74 87 4525 
74 88 3360 
74 89 5445 
74 90 4995 
74 91 6315 
74 92 6270 
74 93 5865 
74 94 5685 
74 95 7725 
74 96 7680 
74 97 7590 
74 98 7410 
74 99 7230 
74 100 8240 
74 101 8510 
74 102 8735 
74 103 9005 
74 104 9095 
74 105 990 
75 5 330 
75 6 645 
75 7 870 
75 8 915 
75 9 960 
75 10 1230 
75 11 2550 
75 12 3225 
75 13 3720 
75 14 4035 
75 15 3680 
75 16 3230 
75 17 3960 
75 18 4500 
75 19 4635 
75 20 4770 
75 21 5080 
75 22 4810 
75 23 4270 
75 24 4090 
75 25 6195 
75 26 5745 
75 27 6195 
75 28 7065 
75 29 7020 
75 30 6615 
75 31 6525 
75 32 6435 
75 33 8475 
75 34 8430 
75 35 8340 
75 36 8160 
75 37 7980 
75 38 8430 
75 39 8700 
75 40 8925 
75 41 9195 
75 42 9285 
75 54 1410 
75 55 1730 
75 56 2010 
75 57 3000 
75 58 3230 
75 59 3690 
75 60 4000 
75 61 4920 
75 62 5250 
75 63 6060 
75 64 6390 
75 65 7200 
75 66 7530 
75 67 8430 
75 68 8660 
75 69 9470 
75 70 9470 
75 73 1410 
75 74 420 
75 81 2270 
75 82 3455 
75 83 3950 
75 84 4265 
75 85 3450 
75 86 3000 
75 87 4945 
75 88 3780 
75 89 5865 
75 90 5415 
75 91 6735 
75 92 6690 
75 93 6285 
75 94 6105 
75 95 8145 
75 96 8100 
75 97 8010 
75 98 7830 
75 99 7650 
75 100 8660 
75 101 8930 
75 102 9155 
75 103 9425 
75 104 9515 
75 105 1410 
76 4 225 
76 5 645 
76 6 330 
76 7 555 
76 8 600 
76 9 645 
76 10 915 
76 11 2235 
76 12 2910 
76 13 3405 
76 14 3720 
76 15 3365 
76 16 2915 
76 17 3645 
76 18 4185 
76 19 4320 
76 20 4455 
76 21 4765 
76 22 4495 
76 23 3955 
76 24 3775 
76 25 5880 
76 26 5430 
76 27 5880 
76 28 6750 
76 29 6705 
76 30 6300 
76 31 6210 
76 32 6120 
76 33 8160 
76 34 8115 
76 35 8025 
76 36 7845 
76 37 7665 
76 38 8115 
76 39 8385 
76 40 8610 
76 41 8880 
76 42 8970 
76 54 1095 
76 55 1415 
76 56 1695 
76 57 2685 
76 58 2915 
76 59 3375 
76 60 3685 
76 61 4605 
76 62 4935 
76 63 5745 
76 64 6075 
76 65 6885 
76 66 7215 
76 67 8115 
76 68 8345 
76 69 9155 
76 70 9155 
76 73 1095 
76 74 555 
76 75 315 
76 81 1955 
76 82 3140 
76 83 3635 
76 84 3950 
76 85 3135 
76 86 2685 
76 87 4630 
76 88 3465 
76 89 5550 
76 90 5100 
76 91 6420 
76 92 6375 
76 93 5970 
76 94 5790 
76 95 7830 
76 96 7785 
76 97 7695 
76 98 7515 
76 99 7335 
76 100 8345 
76 101 8615 
76 102 8840 
76 103 9110 
76 104 9200 
76 105 1095 
77 4 450 
77 5 870 
77 6 555 
77 7 330 
77 8 375 
77 9 420 
77 10 690 
77 11 2010 
77 12 2685 
77 13 3180 
77 14 3495 
77 15 3140 
77 16 2690 
77 17 3420 
77 18 3960 
77 19 4095 
77 20 4230 
77 21 4540 
77 22 4270 
77 23 3730 
77 24 3550 
77 25 5655 
77 26 5205 
77 27 5655 
77 28 6525 
77 29 6480 
77 30 6075 
77 31 5985 
77 32 5895 
77 33 7935 
77 34 7890 
77 35 7800 
77 36 7620 
77 37 7440 
77 38 7890 
77 39 8160 
77 40 8385 
77 41 8655 
77 42 8745 
77 54 870 
77 55 1190 
77 56 1470 
77 57 2460 
77 58 2690 
77 59 3150 
77 60 3460 
77 61 4380 
77 62 4710 
77 63 5520 
77 64 5850 
77 65 6660 
77 66 6990 
77 67 7890 
77 68 8120 
77 69 8930 
77 70 8930 
77 73 870 
77 74 780 
77 75 540 
77 76 225 
77 81 1730 
77 82 2915 
77 83 3410 
77 84 3725 
77 85 2910 
77 86 2460 
77 87 4405 
77 88 3240 
77 89 5325 
77 90 4875 
77 91 6195 
77 92 6150 
77 93 5745 
77 94 5565 
77 95 7605 
77 96 7560 
77 97 7470 
77 98 7290 
77 99 7110 
77 100 8120 
77 101 8390 
77 102 8615 
77 103 8885 
77 104 8975 
77 105 870 
78 4 495 
78 5 915 
78 6 600 
78 7 375 
78 8 330 
78 9 375 
78 10 645 
78 11 1965 
78 12 2640 
78 13 3135 
78 14 3450 
78 15 3095 
78 16 2645 
78 17 3375 
78 18 3915 
78 19 4050 
78 20 4185 
78 21 4495 
78 22 4225 
78 23 3685 
78 24 3505 
78 25 5610 
78 26 5160 
78 27 5610 
78 28 6480 
78 29 6435 
78 30 6030 
78 31 5940 
78 32 5850 
78 33 7890 
78 34 7845 
78 35 7755 
78 36 7575 
78 37 7395 
78 38 7845 
78 39 8115 
78 40 8340 
78 41 8610 
78 42 8700 
78 54 825 
78 55 1145 
78 56 1425 
78 57 2415 
78 58 2645 
78 59 3105 
78 60 3415 
78 61 4335 
78 62 4665 
78 63 5475 
78 64 5805 
78 65 6615 
78 66 6945 
78 67 7845 
78 68 8075 
78 69 8885 
78 70 8885 
78 73 825 
78 74 825 
78 75 585 
78 76 270 
78 77 45 
78 81 1685 
78 82 2870 
78 83 3365 
78 84 3680 
78 85 2865 
78 86 2415 
78 87 4360 
78 88 3195 
78 89 5280 
78 90 4830 
78 91 6150 
78 92 6105 
78 93 5700 
78 94 5520 
78 95 7560 
78 96 7515 
78 97 7425 
78 98 7245 
78 99 7065 
78 100 8075 
78 101 8345 
78 102 8570 
78 103 8840 
78 104 8930 
78 105 825 
79 4 540 
79 5 960 
79 6 645 
79 7 420 
79 8 375 
79 9 330 
79 10 600 
79 11 1920 
79 12 2595 
79 13 3090 
79 14 3405 
79 15 3050 
79 16 2600 
79 17 3330 
79 18 3870 
79 19 4005 
79 20 4140 
79 21 4450 
79 22 4180 
79 23 3640 
79 24 3460 
79 25 5565 
79 26 5115 
79 27 5565 
79 28 6435 
79 29 6390 
79 30 5985 
79 31 5895 
79 32 5805 
79 33 7845 
79 34 7800 
79 35 7710 
79 36 7530 
79 37 7350 
79 38 7800 
79 39 8070 
79 40 8295 
79 41 8565 
79 42 8655 
79 54 780 
79 55 1100 
79 56 1380 
79 57 2370 
79 58 2600 
79 59 3060 
79 60 3370 
79 61 4290 
79 62 4620 
79 63 5430 
79 64 5760 
79 65 6570 
79 66 6900 
79 67 7800 
79 68 8030 
79 69 8840 
79 70 8840 
79 73 780 
79 74 870 
79 75 630 
79 76 315 
79 77 90 
79 78 45 
79 81 1640 
79 82 2825 
79 83 3320 
79 84 3635 
79 85 2820 
79 86 2370 
79 87 4315 
79 88 3150 
79 89 5235 
79 90 4785 
79 91 6105 
79 92 6060 
79 93 5655 
79 94 5475 
79 95 7515 
79 96 7470 
79 97 7380 
79 98 7200 
79 99 7020 
79 100 8030 
79 101 8300 
79 102 8525 
79 103 8795 
79 104 8885 
79 105 780 
80 4 810 
80 5 1230 
80 6 915 
80 7 690 
80 8 645 
80 9 600 
80 10 330 
80 11 1650 
80 12 2325 
80 13 2820 
80 14 3135 
80 15 2780 
80 16 2330 
80 17 3060 
80 18 3600 
80 19 3735 
80 20 3870 
80 21 4180 
80 22 3910 
80 23 3370 
80 24 3190 
80 25 5295 
80 26 4845 
80 27 5295 
80 28 6165 
80 29 6120 
80 30 5715 
80 31 5625 
80 32 5535 
80 33 7575 
80 34 7530 
80 35 7440 
80 36 7260 
80 37 7080 
80 38 7530 
80 39 7800 
80 40 8025 
80 41 8295 
80 42 8385 
80 54 510 
80 55 830 
80 56 1110 
80 57 2100 
80 58 2330 
80 59 2790 
80 60 3100 
80 61 4020 
80 62 4350 
80 63 5160 
80 64 5490 
80 65 6300 
80 66 6630 
80 67 7530 
80 68 7760 
80 69 8570 
80 70 8570 
80 73 510 
80 74 1140 
80 75 900 
80 76 585 
80 77 360 
80 78 315 
80 79 270 
80 81 1370 
80 82 2555 
80 83 3050 
80 84 3365 
80 85 2550 
80 86 2100 
80 87 4045 
80 88 2880 
80 89 4965 
80 90 4515 
80 91 5835 
80 92 5790 
80 93 5385 
80 94 5205 
80 95 7245 
80 96 7200 
80 97 7110 
80 98 6930 
80 99 6750 
80 100 7760 
80 101 8030 
80 102 8255 
80 103 8525 
80 104 8615 
80 105 510 
81 11 280 
81 12 2035 
81 13 2530 
81 14 2845 
81 15 2490 
81 16 2040 
81 17 2770 
81 18 3310 
81 19 3445 
81 20 3580 
81 21 3890 
81 22 3620 
81 23 3080 
81 24 2900 
81 25 5005 
81 26 4555 
81 27 5005 
81 28 5875 
81 29 5830 
81 30 5425 
81 31 5335 
81 32 5245 
81 33 7285 
81 34 7240 
81 35 7150 
81 36 6970 
81 37 6790 
81 38 7240 
81 39 7510 
81 40 7735 
81 41 8005 
81 42 8095 
81 56 820 
81 57 1810 
81 58 2040 
81 59 2500 
81 60 2810 
81 61 3730 
81 62 4060 
81 63 4870 
81 64 5200 
81 65 6010 
81 66 6340 
81 67 7240 
81 68 7470 
81 69 8280 
81 70 8280 
81 82 2265 
81 83 2760 
81 84 3075 
81 85 2260 
81 86 1810 
81 87 3755 
81 88 2590 
81 89 4675 
81 90 4225 
81 91 5545 
81 92 5500 
81 93 5095 
81 94 4915 
81 95 6955 
81 96 6910 
81 97 6820 
81 98 6640 
81 99 6460 
81 100 7470 
81 101 7740 
81 102 7965 
81 103 8235 
81 104 8325 
81 105 820 
82 16 225 
82 17 955 
82 18 1495 
82 19 1630 
82 20 1765 
82 21 2075 
82 22 1805 
82 23 1265 
82 24 1085 
82 25 3190 
82 26 2740 
82 27 3190 
82 28 4060 
82 29 4015 
82 30 3610 
82 31 3520 
82 32 3430 
82 33 5470 
82 34 5425 
82 35 5335 
82 36 5155 
82 37 4975 
82 38 5425 
82 39 5695 
82 40 5920 
82 41 6190 
82 42 6280 
82 58 225 
82 59 685 
82 60 995 
82 61 1915 
82 62 2245 
82 63 3055 
82 64 3385 
82 65 4195 
82 66 4525 
82 67 5425 
82 68 5655 
82 69 6465 
82 70 6465 
82 87 1940 
82 88 775 
82 89 2860 
82 90 2410 
82 91 3730 
82 92 3685 
82 93 3280 
82 94 3100 
82 95 5140 
82 96 5095 
82 97 5005 
82 98 4825 
82 99 4645 
82 100 5655 
82 101 5925 
82 102 6150 
82 103 6420 
82 104 6510 
82 105 225 
83 15 270 
83 16 720 
83 17 1450 
83 18 1990 
83 19 2125 
83 20 2260 
83 21 2570 
83 22 2300 
83 23 1760 
83 24 1580 
83 25 3685 
83 26 3235 
83 27 3685 
83 28 4555 
83 29 4510 
83 30 4105 
83 31 4015 
83 32 3925 
83 33 5965 
83 34 5920 
83 35 5830 
83 36 5650 
83 37 5470 
83 38 5920 
83 39 6190 
83 40 6415 
83 41 6685 
83 42 6775 
83 58 720 
83 59 1180 
83 60 1490 
83 61 2410 
83 62 2740 
83 63 3550 
83 64 3880 
83 65 4690 
83 66 5020 
83 67 5920 
83 68 6150 
83 69 6960 
83 70 6960 
83 82 495 
83 87 2435 
83 88 1270 
83 89 3355 
83 90 2905 
83 91 4225 
83 92 4180 
83 93 3775 
83 94 3595 
83 95 5635 
83 96 5590 
83 97 5500 
83 98 5320 
83 99 5140 
83 100 6150 
83 101 6420 
83 102 6645 
83 103 6915 
83 104 7005 
83 105 720 
84 15 585 
84 16 1035 
84 17 1765 
84 18 2305 
84 19 2440 
84 20 2575 
84 21 2885 
84 22 2615 
84 23 2075 
84 24 1895 
84 25 4000 
84 26 3550 
84 27 4000 
84 28 4870 
84 29 4825 
84 30 4420 
84 31 4330 
84 32 4240 
84 33 6280 
84 34 6235 
84 35 6145 
84 36 5965 
84 37 5785 
84 38 6235 
84 39 6505 
84 40 6730 
84 41 7000 
84 42 7090 
84 58 1035 
84 59 1495 
84 60 1805 
84 61 2725 
84 62 3055 
84 63 3865 
84 64 4195 
84 65 5005 
84 66 5335 
84 67 6235 
84 68 6465 
84 69 7275 
84 70 7275 
84 82 810 
84 83 315 
84 87 2750 
84 88 1585 
84 89 3670 
84 90 3220 
84 91 4540 
84 92 4495 
84 93 4090 
84 94 3910 
84 95 5950 
84 96 5905 
84 97 5815 
84 98 5635 
84 99 5455 
84 100 6465 
84 101 6735 
84 102 6960 
84 103 7230 
84 104 7320 
84 105 1035 
85 13 270 
85 14 585 
85 15 230 
85 16 680 
85 17 1410 
85 18 1950 
85 19 2085 
85 20 2220 
85 21 2530 
85 22 2260 
85 23 1720 
85 24 1540 
85 25 3645 
85 26 3195 
85 27 3645 
85 28 4515 
85 29 4470 
85 30 4065 
85 31 3975 
85 32 3885 
85 33 5925 
85 34 5880 
85 35 5790 
85 36 5610 
85 37 5430 
85 38 5880 
85 39 6150 
85 40 6375 
85 41 6645 
85 42 6735 
85 58 680 
85 59 1140 
85 60 1450 
85 61 2370 
85 62 2700 
85 63 3510 
85 64 3840 
85 65 4650 
85 66 4980 
85 67 5880 
85 68 6110 
85 69 6920 
85 70 6920 
85 82 455 
85 83 500 
85 84 815 
85 87 2395 
85 88 1230 
85 89 3315 
85 90 2865 
85 91 4185 
85 92 4140 
85 93 3735 
85 94 3555 
85 95 5595 
85 96 5550 
85 97 5460 
85 98 5280 
85 99 5100 
85 100 6110 
85 101 6380 
85 102 6605 
85 103 6875 
85 104 6965 
85 105 680 
86 12 225 
86 13 720 
86 14 1035 
86 15 680 
86 16 230 
86 17 960 
86 18 1500 
86 19 1635 
86 20 1770 
86 21 2080 
86 22 1810 
86 23 1270 
86 24 1090 
86 25 3195 
86 26 2745 
86 27 3195 
86 28 4065 
86 29 4020 
86 30 3615 
86 31 3525 
86 32 3435 
86 33 5475 
86 34 5430 
86 35 5340 
86 36 5160 
86 37 4980 
86 38 5430 
86 39 5700 
86 40 5925 
86 41 6195 
86 42 6285 
86 58 230 
86 59 690 
86 60 1000 
86 61 1920 
86 62 2250 
86 63 3060 
86 64 3390 
86 65 4200 
86 66 4530 
86 67 5430 
86 68 5660 
86 69 6470 
86 70 6470 
86 82 455 
86 83 950 
86 84 1265 
86 85 450 
86 87 1945 
86 88 780 
86 89 2865 
86 90 2415 
86 91 3735 
86 92 3690 
86 93 3285 
86 94 3105 
86 95 5145 
86 96 5100 
86 97 5010 
86 98 4830 
86 99 4650 
86 100 5660 
86 101 5930 
86 102 6155 
86 103 6425 
86 104 6515 
86 105 230 
87 22 135 
87 23 675 
87 24 855 
87 25 3140 
87 26 2690 
87 27 3140 
87 28 4010 
87 29 3965 
87 30 3560 
87 31 3470 
87 32 3380 
87 33 5420 
87 34 5375 
87 35 5285 
87 36 5105 
87 37 4925 
87 38 5375 
87 39 5645 
87 40 5870 
87 41 6140 
87 42 6230 
87 60 945 
87 61 1865 
87 62 2195 
87 63 3005 
87 64 3335 
87 65 4145 
87 66 4475 
87 67 5375 
87 68 5605 
87 69 6415 
87 70 6415 
87 89 2810 
87 90 2360 
87 91 3680 
87 92 3635 
87 93 3230 
87 94 3050 
87 95 5090 
87 96 5045 
87 97 4955 
87 98 4775 
87 99 4595 
87 100 5605 
87 101 5875 
87 102 6100 
87 103 6370 
87 104 6460 
87 105 945 
88 17 180 
88 18 720 
88 19 855 
88 20 990 
88 21 1300 
88 22 1030 
88 23 490 
88 24 310 
88 25 2595 
88 26 2145 
88 27 2595 
88 28 3465 
88 29 3420 
88 30 3015 
88 31 2925 
88 32 2835 
88 33 4875 
88 34 4830 
88 35 4740 
88 36 4560 
88 37 4380 
88 38 4830 
88 39 5100 
88 40 5325 
88 41 5595 
88 42 5685 
88 60 400 
88 61 1320 
88 62 1650 
88 63 2460 
88 64 2790 
88 65 3600 
88 66 3930 
88 67 4830 
88 68 5060 
88 69 5870 
88 70 5870 
88 87 1165 
88 89 2265 
88 90 1815 
88 91 3135 
88 92 3090 
88 93 2685 
88 94 2505 
88 95 4545 
88 96 4500 
88 97 4410 
88 98 4230 
88 99 4050 
88 100 5060 
88 101 5330 
88 102 5555 
88 103 5825 
88 104 5915 
88 105 400 
89 25 330 
89 26 780 
89 27 2220 
89 28 3090 
89 29 3045 
89 30 2640 
89 31 2550 
89 32 2460 
89 33 4500 
89 34 4455 
89 35 4365 
89 36 4185 
89 37 4005 
89 38 4455 
89 39 4725 
89 40 4950 
89 41 5220 
89 42 5310 
89 62 1275 
89 63 2085 
89 64 2415 
89 65 3225 
89 66 3555 
89 67 4455 
89 68 4685 
89 69 5495 
89 70 5495 
89 91 2760 
89 92 2715 
89 93 2310 
89 94 2130 
89 95 4170 
89 96 4125 
89 97 4035 
89 98 3855 
89 99 3675 
89 100 4685 
89 101 4955 
89 102 5180 
89 103 5450 
89 104 5540 
89 105 1275 
90 25 780 
90 26 330 
90 27 1770 
90 28 2640 
90 29 2595 
90 30 2190 
90 31 2100 
90 32 2010 
90 33 4050 
90 34 4005 
90 35 3915 
90 36 3735 
90 37 3555 
90 38 4005 
90 39 4275 
90 40 4500 
90 41 4770 
90 42 4860 
90 62 825 
90 63 1635 
90 64 1965 
90 65 2775 
90 66 3105 
90 67 4005 
90 68 4235 
90 69 5045 
90 70 5045 
90 89 450 
90 91 2310 
90 92 2265 
90 93 1860 
90 94 1680 
90 95 3720 
90 96 3675 
90 97 3585 
90 98 3405 
90 99 3225 
90 100 4235 
90 101 4505 
90 102 4730 
90 103 5000 
90 104 5090 
90 105 825 
91 28 330 
91 29 375 
91 30 780 
91 31 870 
91 32 960 
91 33 3090 
91 34 3045 
91 35 2955 
91 36 2775 
91 37 2595 
91 38 3045 
91 39 3315 
91 40 3540 
91 41 3810 
91 42 3900 
91 64 1005 
91 65 1815 
91 66 2145 
91 67 3045 
91 68 3275 
91 69 4085 
91 70 4085 
91 95 2760 
91 96 2715 
91 97 2625 
91 98 2445 
91 99 2265 
91 100 3275 
91 101 3545 
91 102 3770 
91 103 4040 
91 104 4130 
91 105 1005 
92 28 375 
92 29 330 
92 30 735 
92 31 825 
92 32 915 
92 33 3045 
92 34 3000 
92 35 2910 
92 36 2730 
92 37 2550 
92 38 3000 
92 39 3270 
92 40 3495 
92 41 3765 
92 42 3855 
92 64 960 
92 65 1770 
92 66 2100 
92 67 3000 
92 68 3230 
92 69 4040 
92 70 4040 
92 91 45 
92 95 2715 
92 96 2670 
92 97 2580 
92 98 2400 
92 99 2220 
92 100 3230 
92 101 3500 
92 102 3725 
92 103 3995 
92 104 4085 
92 105 960 
93 28 780 
93 29 735 
93 30 330 
93 31 420 
93 32 510 
93 33 2640 
93 34 2595 
93 35 2505 
93 36 2325 
93 37 2145 
93 38 2595 
93 39 2865 
93 40 3090 
93 41 3360 
93 42 3450 
93 64 555 
93 65 1365 
93 66 1695 
93 67 2595 
93 68 2825 
93 69 3635 
93 70 3635 
93 91 450 
93 92 405 
93 95 2310 
93 96 2265 
93 97 2175 
93 98 1995 
93 99 1815 
93 100 2825 
93 101 3095 
93 102 3320 
93 103 3590 
93 104 3680 
93 105 555 
94 27 90 
94 28 960 
94 29 915 
94 30 510 
94 31 420 
94 32 330 
94 33 2460 
94 34 2415 
94 35 2325 
94 36 2145 
94 37 1965 
94 38 2415 
94 39 2685 
94 40 2910 
94 41 3180 
94 42 3270 
94 64 375 
94 65 1185 
94 66 1515 
94 67 2415 
94 68 2645 
94 69 3455 
94 70 3455 
94 91 630 
94 92 585 
94 93 180 
94 95 2130 
94 96 2085 
94 97 1995 
94 98 1815 
94 99 1635 
94 100 2645 
94 101 2915 
94 102 3140 
94 103 3410 
94 104 3500 
94 105 375 
95 33 330 
95 34 375 
95 35 465 
95 36 645 
95 37 825 
95 38 2175 
95 39 2445 
95 40 2670 
95 41 2940 
95 42 3030 
95 66 1275 
95 67 2175 
95 68 2405 
95 69 3215 
95 70 3215 
95 100 2405 
95 101 2675 
95 102 2900 
95 103 3170 
95 104 3260 
95 105 1275 
96 33 375 
96 34 330 
96 35 420 
96 36 600 
96 37 780 
96 38 2130 
96 39 2400 
96 40 2625 
96 41 2895 
96 42 2985 
96 66 1230 
96 67 2130 
96 68 2360 
96 69 3170 
96 70 3170 
96 95 45 
96 100 2360 
96 101 2630 
96 102 2855 
96 103 3125 
96 104 3215 
96 105 1230 
97 33 465 
97 34 420 
97 35 330 
97 36 510 
97 37 690 
97 38 2040 
97 39 2310 
97 40 2535 
97 41 2805 
97 42 2895 
97 66 1140 
97 67 2040 
97 68 2270 
97 69 3080 
97 70 3080 
97 95 135 
97 96 90 
97 100 2270 
97 101 2540 
97 102 2765 
97 103 3035 
97 104 3125 
97 105 1140 
98 33 645 
98 34 600 
98 35 510 
98 36 330 
98 37 510 
98 38 1860 
98 39 2130 
98 40 2355 
98 41 2625 
98 42 2715 
98 66 960 
98 67 1860 
98 68 2090 
98 69 2900 
98 70 2900 
98 95 315 
98 96 270 
98 97 180 
98 100 2090 
98 101 2360 
98 102 2585 
98 103 2855 
98 104 2945 
98 105 960 
99 33 825 
99 34 780 
99 35 690 
99 36 510 
99 37 330 
99 38 1680 
99 39 1950 
99 40 2175 
99 41 2445 
99 42 2535 
99 66 780 
99 67 1680 
99 68 1910 
99 69 2720 
99 70 2720 
99 95 495 
99 96 450 
99 97 360 
99 98 180 
99 100 1910 
99 101 2180 
99 102 2405 
99 103 2675 
99 104 2765 
99 105 780 
100 68 0 
100 69 810 
100 70 810 
100 105 0 
101 68 270 
101 69 1080 
101 70 1080 
101 100 270 
101 105 270 
102 68 495 
102 69 1305 
102 70 1305 
102 100 495 
102 101 225 
102 105 495 
103 68 765 
103 69 1575 
103 70 1575 
103 100 765 
103 101 495 
103 102 270 
103 105 765 
104 68 855 
104 69 1665 
104 70 1665 
104 100 855 
104 101 585 
104 102 360 
104 103 90 
104 105 855 
 
//Location coordinates LocationName 
//Loc x y 
0 0 0 "depotStart" 
1 2190 3930 "cK_cK_06" 
2 1740 3705 "cL_cK_15" 
3 930 4200 "cM_cM_00" 
4 930 3210 "cM_cM_22" 
5 600 3120 "cO_cM_02" 
6 600 3435 "cO_cM_09" 
7 600 3660 "cO_cM_14" 
8 600 3705 "cO_cM_15" 
9 600 3750 "cO_cM_16" 
10 600 4020 "cO_cM_22" 
11 0 3660 "cQ_cP_11" 
12 350 5025 "dAa_dAa_05" 
13 350 5520 "dAa_dAa_16" 
14 350 5835 "dAa_dAa_23" 
15 580 5250 "dAr_dAa_37" 
16 580 4800 "dAr_dAa_47" 
17 1040 5070 "dBa_dBa_06" 
18 1040 5610 "dBa_dBa_18" 
19 1040 5745 "dBa_dBa_21" 
20 1040 5880 "dBa_dBa_24" 
21 1350 5880 "dBr_dBa_25" 
22 1350 5610 "dBr_dBa_31" 
23 1350 5070 "dBr_dBa_43" 
24 1350 4890 "dBr_dBa_47" 
25 2600 5745 "dD_dC_03" 
26 2600 5295 "dD_dC_13" 
27 3410 4935 "dE_dE_03" 
28 3740 5475 "dG_dE_11" 
29 3740 5430 "dG_dE_12" 
30 3740 5025 "dG_dE_21" 
31 3740 4935 "dG_dE_23" 
32 3740 4845 "dG_dE_25" 
33 4880 5745 "dI_dH_03" 
34 4880 5700 "dI_dH_04" 
35 4880 5610 "dI_dH_06" 
36 4880 5430 "dI_dH_10" 
37 4880 5250 "dI_dH_14" 
38 5780 4800 "dK_dK_00" 
39 5780 5070 "dK_dK_06" 
40 5780 5295 "dK_dK_11" 
41 5780 5565 "dK_dK_17" 
42 5780 5655 "dK_dK_19" 
43 6900 4200 "cA_cA_inter_0_start" 
44 6570 4200 "cB_cA_inter_0_start" 
45 5610 4200 "cC_cC_inter_0_start" 
46 5280 4200 "cD_cC_inter_0_start" 
47 4470 4200 "cE_cE_inter_0_start" 
48 4140 4200 "cG_cE_inter_0_start" 
49 3330 4200 "cH_cH_inter_0_start" 
50 3000 4200 "cI_cH_inter_0_start" 
51 2190 4200 "cK_cK_inter_0_start" 
52 1740 4200 "cL_cK_inter_0_start" 
53 930 4200 "cM_cM_inter_0_start" 
54 600 4200 "cO_cM_inter_0_start" 
55 280 4200 "cP_cP_inter_0_start" 
56 0 4200 "cQ_cP_inter_0_start" 
57 350 4800 "dAa_dAa_inter_0_start" 
58 580 4800 "dAr_dAa_inter_0_start" 
59 1040 4800 "dBa_dBa_inter_0_start" 
60 1350 4800 "dBr_dBa_inter_0_start" 
61 2270 4800 "dC_dC_inter_0_start" 
62 2600 4800 "dD_dC_inter_0_start" 
63 3410 4800 "dE_dE_inter_0_start" 
64 3740 4800 "dG_dE_inter_0_start" 
65 4550 4800 "dH_dH_inter_0_start" 
66 4880 4800 "dI_dH_inter_0_start" 
67 5780 4800 "dK_dK_inter_0_start" 
68 6010 4800 "dL_dK_inter_0_start" 
69 6820 4800 "dY_dY_inter_0_start" 
70 6820 4800 "dZ_dY_inter_0_start" 
71 1740 3930 "cL_cK_inter_270" 
72 2190 3705 "cK_cK_inter_495" 
73 600 4200 "cO_cM_inter_0" 
74 600 3210 "cO_cM_inter_990" 
75 930 3120 "cM_cM_inter_1080" 
76 930 3435 "cM_cM_inter_765" 
77 930 3660 "cM_cM_inter_540" 
78 930 3705 "cM_cM_inter_495" 
79 930 3750 "cM_cM_inter_450" 
80 930 4020 "cM_cM_inter_180" 
81 280 3660 "cP_cP_inter_540" 
82 580 5025 "dAr_dAa_inter_225" 
83 580 5520 "dAr_dAa_inter_720" 
84 580 5835 "dAr_dAa_inter_1035" 
85 350 5250 "dAa_dAa_inter_450" 
86 350 4800 "dAa_dAa_inter_0" 
87 1350 5745 "dBr_dBa_inter_945" 
88 1040 4890 "dBa_dBa_inter_90" 
89 2270 5745 "dC_dC_inter_945" 
90 2270 5295 "dC_dC_inter_495" 
91 3410 5475 "dE_dE_inter_675" 
92 3410 5430 "dE_dE_inter_630" 
93 3410 5025 "dE_dE_inter_225" 
94 3410 4845 "dE_dE_inter_45" 
95 4550 5745 "dH_dH_inter_945" 
96 4550 5700 "dH_dH_inter_900" 
97 4550 5610 "dH_dH_inter_810" 
98 4550 5430 "dH_dH_inter_630" 
99 4550 5250 "dH_dH_inter_450" 
100 6010 4800 "dL_dK_inter_0" 
101 6010 5070 "dL_dK_inter_270" 
102 6010 5295 "dL_dK_inter_495" 
103 6010 5565 "dL_dK_inter_765" 
104 6010 5655 "dL_dK_inter_855" 
105 0 0 "depotEnd" 
