//NbLocations 
114 
 
//NbProducts 
54 
 
//K: NbBoxesTrolley 
6 
 
//NbDimensionsCapacity 
2 
 
//B: CapaBox 
12000 92160 
 
//A box can accept mixed orders(0: no, 1: yes) 
0 
 
//Products 
//Idx Location Dim1 Dim2 ... 
1 1 280 2547 
2 2 260 2547 
3 3 300 2547 
4 4 280 2547 
5 5 1080 19200 
6 6 129 1320 
7 7 220 2640 
8 8 241 4033 
9 9 278 2779 
10 10 220 1320 
11 11 274 1056 
12 12 286 1584 
13 13 249 1056 
14 14 1000 19200 
15 15 1120 19200 
16 16 1380 8160 
17 17 631 4080 
18 18 300 2547 
19 19 260 2547 
20 20 297 1173 
21 21 256 1584 
22 21 252 4033 
23 22 280 2933 
24 23 344 2475 
25 24 320 2475 
26 25 520 3960 
27 26 320 2274 
28 27 340 2640 
29 28 110 4400 
30 29 608 5400 
31 30 520 4800 
32 31 520 3927 
33 31 302 2640 
34 32 325 2475 
35 33 382 3600 
36 34 470 4400 
37 35 300 2160 
38 36 160 1234 
39 37 170 2304 
40 38 380 2640 
41 38 200 1234 
42 39 150 1080 
43 40 200 1234 
44 41 160 1056 
45 41 240 1440 
46 42 240 1440 
47 43 141 880 
48 44 180 1056 
49 45 137 1080 
50 46 175 1080 
51 47 254 2304 
52 48 260 1800 
53 49 160 1080 
54 50 92 1056 
 
//Orders 
//NbOrders 
4 
//Idx M NbProdInOrder ProdIdx1 Qty1 ProdIdx2 Qty2 ... 
1 1 20 1 1 3 1 4 1 5 1 8 1 10 1 11 1 13 1 14 1 18 1 20 1 21 1 25 1 31 1 40 1 45 1 46 1 47 1 53 1 54 1 
2 2 22 2 1 14 1 15 1 17 1 19 1 22 1 23 1 26 1 27 1 28 1 29 1 31 1 34 1 36 1 37 1 38 1 39 1 41 1 42 1 49 1 50 1 51 1 
3 2 19 6 1 7 1 9 1 12 1 14 1 15 1 16 1 17 1 18 1 19 1 22 1 23 1 29 1 31 1 34 1 35 1 38 1 41 1 51 1 
4 2 22 7 1 12 1 14 1 15 1 17 1 19 1 22 1 23 1 24 1 28 1 30 1 31 1 32 1 33 1 34 1 41 1 43 1 44 1 46 1 48 1 51 1 52 1 
 
//Graph (Products are vertices indexed from 1 to NbProducts) 
//NbVerticesIntersections 
64 
 
//DepartingDepot 
0 
 
//ArrivalDepot 
115 
 
//Arcs 
//Start End Distance 
0 51 5000 
0 53 5000 
0 55 5000 
0 57 5000 
0 59 5000 
0 61 5000 
0 63 5000 
0 65 5000 
0 67 5000 
0 69 5000 
0 71 5000 
0 73 5000 
1 75 330 
1 77 135 
2 3 180 
3 75 135 
4 54 0 
5 11 330 
5 83 90 
6 7 225 
7 8 45 
8 9 270 
9 10 135 
10 11 90 
11 56 180 
12 13 270 
12 84 460 
13 85 460 
13 86 45 
14 85 45 
15 16 360 
15 87 330 
16 88 330 
16 94 90 
17 89 330 
18 19 225 
19 20 90 
20 21 45 
21 22 45 
22 88 90 
23 30 330 
23 100 270 
24 25 135 
24 95 330 
25 26 90 
25 96 330 
26 27 45 
26 97 330 
27 98 330 
27 99 180 
28 98 180 
29 30 270 
30 66 90 
31 33 450 
31 101 90 
32 33 90 
33 68 225 
34 35 90 
35 70 0 
36 37 90 
36 104 330 
37 38 135 
37 105 330 
38 47 330 
38 111 90 
39 40 45 
39 106 330 
40 41 180 
40 45 330 
41 42 90 
41 107 330 
42 108 330 
42 110 135 
43 44 225 
44 108 135 
45 106 45 
46 47 90 
47 105 135 
48 112 330 
48 114 495 
49 50 45 
50 112 495 
51 52 330 
52 53 810 
52 115 0 
53 54 330 
53 78 0 
54 55 810 
54 115 0 
55 5 180 
55 56 330 
56 57 810 
56 115 0 
57 12 585 
57 58 460 
58 59 820 
58 115 0 
59 15 0 
59 60 330 
60 61 230 
60 115 0 
61 62 520 
62 63 200 
62 115 0 
63 64 520 
64 65 230 
64 115 0 
65 23 90 
65 66 330 
66 67 820 
66 115 0 
67 31 225 
67 68 450 
68 69 810 
68 115 0 
69 70 330 
69 103 0 
70 71 810 
70 115 0 
71 36 90 
71 72 330 
72 73 810 
72 115 0 
73 48 135 
73 74 330 
74 115 0 
75 4 180 
76 2 330 
77 3 330 
77 76 180 
78 1 180 
78 4 330 
79 6 330 
80 7 330 
80 79 225 
81 8 330 
81 80 45 
82 9 330 
82 81 270 
83 10 330 
83 82 135 
84 58 585 
85 84 270 
86 14 460 
87 60 0 
88 87 360 
89 18 180 
90 17 180 
90 18 330 
91 19 330 
91 90 225 
92 20 330 
92 91 90 
93 21 330 
93 92 45 
94 22 330 
94 93 45 
95 29 450 
96 95 135 
97 96 90 
98 97 45 
99 28 330 
100 24 450 
100 29 330 
101 32 450 
102 34 330 
103 35 330 
103 102 90 
104 72 90 
105 104 90 
106 46 45 
107 45 180 
108 107 90 
109 43 330 
110 44 330 
110 109 225 
111 39 45 
111 46 330 
112 74 135 
113 49 330 
114 50 330 
114 113 45 
 
//LocStart LocEnd ShortestPath 
0 1 5180 
0 2 5825 
0 3 5645 
0 4 5330 
0 5 5180 
0 6 6275 
0 7 6050 
0 8 6005 
0 9 5735 
0 10 5600 
0 11 5510 
0 12 5585 
0 13 5855 
0 14 6360 
0 15 5000 
0 16 5360 
0 17 6035 
0 18 6185 
0 19 5960 
0 20 5870 
0 21 5825 
0 22 5780 
0 23 5090 
0 24 5810 
0 25 5945 
0 26 6035 
0 27 6080 
0 28 6590 
0 29 5690 
0 30 5420 
0 31 5225 
0 32 5765 
0 33 5675 
0 34 5420 
0 35 5330 
0 36 5090 
0 37 5180 
0 38 5315 
0 39 5450 
0 40 5495 
0 41 5675 
0 42 5765 
0 43 6455 
0 44 6230 
0 45 5825 
0 46 5735 
0 47 5645 
0 48 5135 
0 49 6005 
0 50 5960 
0 51 5000 
0 52 5330 
0 53 5000 
0 54 5330 
0 55 5000 
0 56 5330 
0 57 5000 
0 58 5460 
0 59 5000 
0 60 5330 
0 61 5000 
0 62 5520 
0 63 5000 
0 64 5520 
0 65 5000 
0 66 5330 
0 67 5000 
0 68 5450 
0 69 5000 
0 70 5330 
0 71 5000 
0 72 5330 
0 73 5000 
0 74 5330 
0 75 5510 
0 76 5495 
0 77 5315 
0 78 5000 
0 79 5945 
0 80 5720 
0 81 5675 
0 82 5405 
0 83 5270 
0 84 6045 
0 85 6315 
0 86 5900 
0 87 5330 
0 88 5690 
0 89 6365 
0 90 5855 
0 91 5630 
0 92 5540 
0 93 5495 
0 94 5450 
0 95 6140 
0 96 6275 
0 97 6365 
0 98 6410 
0 99 6260 
0 100 5360 
0 101 5315 
0 102 5090 
0 103 5000 
0 104 5420 
0 105 5510 
0 106 5780 
0 107 6005 
0 108 6095 
0 109 6125 
0 110 5900 
0 111 5405 
0 112 5465 
0 113 5675 
0 114 5630 
0 115 5330 
1 2 645 
1 3 465 
1 4 510 
1 5 1500 
1 6 2595 
1 7 2370 
1 8 2325 
1 9 2055 
1 10 1920 
1 11 1830 
1 12 3045 
1 13 3315 
1 14 3820 
1 15 3740 
1 16 4100 
1 17 4775 
1 18 4925 
1 19 4700 
1 20 4610 
1 21 4565 
1 22 4520 
1 23 5860 
1 24 6580 
1 25 6715 
1 26 6805 
1 27 6850 
1 28 7360 
1 29 6460 
1 30 6190 
1 31 7145 
1 32 7685 
1 33 7595 
1 34 8600 
1 35 8510 
1 36 9410 
1 37 9500 
1 38 9635 
1 39 9770 
1 40 9815 
1 41 9995 
1 42 10085 
1 43 10775 
1 44 10550 
1 45 10145 
1 46 10055 
1 47 9965 
1 48 10595 
1 49 11465 
1 50 11420 
1 54 510 
1 55 1320 
1 56 1650 
1 57 2460 
1 58 2920 
1 59 3740 
1 60 4070 
1 61 4300 
1 62 4820 
1 63 5020 
1 64 5540 
1 65 5770 
1 66 6100 
1 67 6920 
1 68 7370 
1 69 8180 
1 70 8510 
1 71 9320 
1 72 9650 
1 73 10460 
1 74 10790 
1 75 330 
1 76 315 
1 77 135 
1 79 2265 
1 80 2040 
1 81 1995 
1 82 1725 
1 83 1590 
1 84 3505 
1 85 3775 
1 86 3360 
1 87 4070 
1 88 4430 
1 89 5105 
1 90 4595 
1 91 4370 
1 92 4280 
1 93 4235 
1 94 4190 
1 95 6910 
1 96 7045 
1 97 7135 
1 98 7180 
1 99 7030 
1 100 6130 
1 101 7235 
1 102 8270 
1 103 8180 
1 104 9740 
1 105 9830 
1 106 10100 
1 107 10325 
1 108 10415 
1 109 10445 
1 110 10220 
1 111 9725 
1 112 10925 
1 113 11135 
1 114 11090 
1 115 510 
2 3 180 
2 4 495 
2 5 1485 
2 6 2580 
2 7 2355 
2 8 2310 
2 9 2040 
2 10 1905 
2 11 1815 
2 12 3030 
2 13 3300 
2 14 3805 
2 15 3725 
2 16 4085 
2 17 4760 
2 18 4910 
2 19 4685 
2 20 4595 
2 21 4550 
2 22 4505 
2 23 5845 
2 24 6565 
2 25 6700 
2 26 6790 
2 27 6835 
2 28 7345 
2 29 6445 
2 30 6175 
2 31 7130 
2 32 7670 
2 33 7580 
2 34 8585 
2 35 8495 
2 36 9395 
2 37 9485 
2 38 9620 
2 39 9755 
2 40 9800 
2 41 9980 
2 42 10070 
2 43 10760 
2 44 10535 
2 45 10130 
2 46 10040 
2 47 9950 
2 48 10580 
2 49 11450 
2 50 11405 
2 54 495 
2 55 1305 
2 56 1635 
2 57 2445 
2 58 2905 
2 59 3725 
2 60 4055 
2 61 4285 
2 62 4805 
2 63 5005 
2 64 5525 
2 65 5755 
2 66 6085 
2 67 6905 
2 68 7355 
2 69 8165 
2 70 8495 
2 71 9305 
2 72 9635 
2 73 10445 
2 74 10775 
2 75 315 
2 79 2250 
2 80 2025 
2 81 1980 
2 82 1710 
2 83 1575 
2 84 3490 
2 85 3760 
2 86 3345 
2 87 4055 
2 88 4415 
2 89 5090 
2 90 4580 
2 91 4355 
2 92 4265 
2 93 4220 
2 94 4175 
2 95 6895 
2 96 7030 
2 97 7120 
2 98 7165 
2 99 7015 
2 100 6115 
2 101 7220 
2 102 8255 
2 103 8165 
2 104 9725 
2 105 9815 
2 106 10085 
2 107 10310 
2 108 10400 
2 109 10430 
2 110 10205 
2 111 9710 
2 112 10910 
2 113 11120 
2 114 11075 
2 115 495 
3 4 315 
3 5 1305 
3 6 2400 
3 7 2175 
3 8 2130 
3 9 1860 
3 10 1725 
3 11 1635 
3 12 2850 
3 13 3120 
3 14 3625 
3 15 3545 
3 16 3905 
3 17 4580 
3 18 4730 
3 19 4505 
3 20 4415 
3 21 4370 
3 22 4325 
3 23 5665 
3 24 6385 
3 25 6520 
3 26 6610 
3 27 6655 
3 28 7165 
3 29 6265 
3 30 5995 
3 31 6950 
3 32 7490 
3 33 7400 
3 34 8405 
3 35 8315 
3 36 9215 
3 37 9305 
3 38 9440 
3 39 9575 
3 40 9620 
3 41 9800 
3 42 9890 
3 43 10580 
3 44 10355 
3 45 9950 
3 46 9860 
3 47 9770 
3 48 10400 
3 49 11270 
3 50 11225 
3 54 315 
3 55 1125 
3 56 1455 
3 57 2265 
3 58 2725 
3 59 3545 
3 60 3875 
3 61 4105 
3 62 4625 
3 63 4825 
3 64 5345 
3 65 5575 
3 66 5905 
3 67 6725 
3 68 7175 
3 69 7985 
3 70 8315 
3 71 9125 
3 72 9455 
3 73 10265 
3 74 10595 
3 75 135 
3 79 2070 
3 80 1845 
3 81 1800 
3 82 1530 
3 83 1395 
3 84 3310 
3 85 3580 
3 86 3165 
3 87 3875 
3 88 4235 
3 89 4910 
3 90 4400 
3 91 4175 
3 92 4085 
3 93 4040 
3 94 3995 
3 95 6715 
3 96 6850 
3 97 6940 
3 98 6985 
3 99 6835 
3 100 5935 
3 101 7040 
3 102 8075 
3 103 7985 
3 104 9545 
3 105 9635 
3 106 9905 
3 107 10130 
3 108 10220 
3 109 10250 
3 110 10025 
3 111 9530 
3 112 10730 
3 113 10940 
3 114 10895 
3 115 315 
4 5 990 
4 6 2085 
4 7 1860 
4 8 1815 
4 9 1545 
4 10 1410 
4 11 1320 
4 12 2535 
4 13 2805 
4 14 3310 
4 15 3230 
4 16 3590 
4 17 4265 
4 18 4415 
4 19 4190 
4 20 4100 
4 21 4055 
4 22 4010 
4 23 5350 
4 24 6070 
4 25 6205 
4 26 6295 
4 27 6340 
4 28 6850 
4 29 5950 
4 30 5680 
4 31 6635 
4 32 7175 
4 33 7085 
4 34 8090 
4 35 8000 
4 36 8900 
4 37 8990 
4 38 9125 
4 39 9260 
4 40 9305 
4 41 9485 
4 42 9575 
4 43 10265 
4 44 10040 
4 45 9635 
4 46 9545 
4 47 9455 
4 48 10085 
4 49 10955 
4 50 10910 
4 54 0 
4 55 810 
4 56 1140 
4 57 1950 
4 58 2410 
4 59 3230 
4 60 3560 
4 61 3790 
4 62 4310 
4 63 4510 
4 64 5030 
4 65 5260 
4 66 5590 
4 67 6410 
4 68 6860 
4 69 7670 
4 70 8000 
4 71 8810 
4 72 9140 
4 73 9950 
4 74 10280 
4 79 1755 
4 80 1530 
4 81 1485 
4 82 1215 
4 83 1080 
4 84 2995 
4 85 3265 
4 86 2850 
4 87 3560 
4 88 3920 
4 89 4595 
4 90 4085 
4 91 3860 
4 92 3770 
4 93 3725 
4 94 3680 
4 95 6400 
4 96 6535 
4 97 6625 
4 98 6670 
4 99 6520 
4 100 5620 
4 101 6725 
4 102 7760 
4 103 7670 
4 104 9230 
4 105 9320 
4 106 9590 
4 107 9815 
4 108 9905 
4 109 9935 
4 110 9710 
4 111 9215 
4 112 10415 
4 113 10625 
4 114 10580 
4 115 0 
5 6 1095 
5 7 870 
5 8 825 
5 9 555 
5 10 420 
5 11 330 
5 12 1905 
5 13 2175 
5 14 2680 
5 15 2600 
5 16 2960 
5 17 3635 
5 18 3785 
5 19 3560 
5 20 3470 
5 21 3425 
5 22 3380 
5 23 4720 
5 24 5440 
5 25 5575 
5 26 5665 
5 27 5710 
5 28 6220 
5 29 5320 
5 30 5050 
5 31 6005 
5 32 6545 
5 33 6455 
5 34 7460 
5 35 7370 
5 36 8270 
5 37 8360 
5 38 8495 
5 39 8630 
5 40 8675 
5 41 8855 
5 42 8945 
5 43 9635 
5 44 9410 
5 45 9005 
5 46 8915 
5 47 8825 
5 48 9455 
5 49 10325 
5 50 10280 
5 56 510 
5 57 1320 
5 58 1780 
5 59 2600 
5 60 2930 
5 61 3160 
5 62 3680 
5 63 3880 
5 64 4400 
5 65 4630 
5 66 4960 
5 67 5780 
5 68 6230 
5 69 7040 
5 70 7370 
5 71 8180 
5 72 8510 
5 73 9320 
5 74 9650 
5 79 765 
5 80 540 
5 81 495 
5 82 225 
5 83 90 
5 84 2365 
5 85 2635 
5 86 2220 
5 87 2930 
5 88 3290 
5 89 3965 
5 90 3455 
5 91 3230 
5 92 3140 
5 93 3095 
5 94 3050 
5 95 5770 
5 96 5905 
5 97 5995 
5 98 6040 
5 99 5890 
5 100 4990 
5 101 6095 
5 102 7130 
5 103 7040 
5 104 8600 
5 105 8690 
5 106 8960 
5 107 9185 
5 108 9275 
5 109 9305 
5 110 9080 
5 111 8585 
5 112 9785 
5 113 9995 
5 114 9950 
5 115 510 
6 7 225 
6 8 270 
6 9 540 
6 10 675 
6 11 765 
6 12 2340 
6 13 2610 
6 14 3115 
6 15 3035 
6 16 3395 
6 17 4070 
6 18 4220 
6 19 3995 
6 20 3905 
6 21 3860 
6 22 3815 
6 23 5155 
6 24 5875 
6 25 6010 
6 26 6100 
6 27 6145 
6 28 6655 
6 29 5755 
6 30 5485 
6 31 6440 
6 32 6980 
6 33 6890 
6 34 7895 
6 35 7805 
6 36 8705 
6 37 8795 
6 38 8930 
6 39 9065 
6 40 9110 
6 41 9290 
6 42 9380 
6 43 10070 
6 44 9845 
6 45 9440 
6 46 9350 
6 47 9260 
6 48 9890 
6 49 10760 
6 50 10715 
6 56 945 
6 57 1755 
6 58 2215 
6 59 3035 
6 60 3365 
6 61 3595 
6 62 4115 
6 63 4315 
6 64 4835 
6 65 5065 
6 66 5395 
6 67 6215 
6 68 6665 
6 69 7475 
6 70 7805 
6 71 8615 
6 72 8945 
6 73 9755 
6 74 10085 
6 84 2800 
6 85 3070 
6 86 2655 
6 87 3365 
6 88 3725 
6 89 4400 
6 90 3890 
6 91 3665 
6 92 3575 
6 93 3530 
6 94 3485 
6 95 6205 
6 96 6340 
6 97 6430 
6 98 6475 
6 99 6325 
6 100 5425 
6 101 6530 
6 102 7565 
6 103 7475 
6 104 9035 
6 105 9125 
6 106 9395 
6 107 9620 
6 108 9710 
6 109 9740 
6 110 9515 
6 111 9020 
6 112 10220 
6 113 10430 
6 114 10385 
6 115 945 
7 8 45 
7 9 315 
7 10 450 
7 11 540 
7 12 2115 
7 13 2385 
7 14 2890 
7 15 2810 
7 16 3170 
7 17 3845 
7 18 3995 
7 19 3770 
7 20 3680 
7 21 3635 
7 22 3590 
7 23 4930 
7 24 5650 
7 25 5785 
7 26 5875 
7 27 5920 
7 28 6430 
7 29 5530 
7 30 5260 
7 31 6215 
7 32 6755 
7 33 6665 
7 34 7670 
7 35 7580 
7 36 8480 
7 37 8570 
7 38 8705 
7 39 8840 
7 40 8885 
7 41 9065 
7 42 9155 
7 43 9845 
7 44 9620 
7 45 9215 
7 46 9125 
7 47 9035 
7 48 9665 
7 49 10535 
7 50 10490 
7 56 720 
7 57 1530 
7 58 1990 
7 59 2810 
7 60 3140 
7 61 3370 
7 62 3890 
7 63 4090 
7 64 4610 
7 65 4840 
7 66 5170 
7 67 5990 
7 68 6440 
7 69 7250 
7 70 7580 
7 71 8390 
7 72 8720 
7 73 9530 
7 74 9860 
7 84 2575 
7 85 2845 
7 86 2430 
7 87 3140 
7 88 3500 
7 89 4175 
7 90 3665 
7 91 3440 
7 92 3350 
7 93 3305 
7 94 3260 
7 95 5980 
7 96 6115 
7 97 6205 
7 98 6250 
7 99 6100 
7 100 5200 
7 101 6305 
7 102 7340 
7 103 7250 
7 104 8810 
7 105 8900 
7 106 9170 
7 107 9395 
7 108 9485 
7 109 9515 
7 110 9290 
7 111 8795 
7 112 9995 
7 113 10205 
7 114 10160 
7 115 720 
8 9 270 
8 10 405 
8 11 495 
8 12 2070 
8 13 2340 
8 14 2845 
8 15 2765 
8 16 3125 
8 17 3800 
8 18 3950 
8 19 3725 
8 20 3635 
8 21 3590 
8 22 3545 
8 23 4885 
8 24 5605 
8 25 5740 
8 26 5830 
8 27 5875 
8 28 6385 
8 29 5485 
8 30 5215 
8 31 6170 
8 32 6710 
8 33 6620 
8 34 7625 
8 35 7535 
8 36 8435 
8 37 8525 
8 38 8660 
8 39 8795 
8 40 8840 
8 41 9020 
8 42 9110 
8 43 9800 
8 44 9575 
8 45 9170 
8 46 9080 
8 47 8990 
8 48 9620 
8 49 10490 
8 50 10445 
8 56 675 
8 57 1485 
8 58 1945 
8 59 2765 
8 60 3095 
8 61 3325 
8 62 3845 
8 63 4045 
8 64 4565 
8 65 4795 
8 66 5125 
8 67 5945 
8 68 6395 
8 69 7205 
8 70 7535 
8 71 8345 
8 72 8675 
8 73 9485 
8 74 9815 
8 84 2530 
8 85 2800 
8 86 2385 
8 87 3095 
8 88 3455 
8 89 4130 
8 90 3620 
8 91 3395 
8 92 3305 
8 93 3260 
8 94 3215 
8 95 5935 
8 96 6070 
8 97 6160 
8 98 6205 
8 99 6055 
8 100 5155 
8 101 6260 
8 102 7295 
8 103 7205 
8 104 8765 
8 105 8855 
8 106 9125 
8 107 9350 
8 108 9440 
8 109 9470 
8 110 9245 
8 111 8750 
8 112 9950 
8 113 10160 
8 114 10115 
8 115 675 
9 10 135 
9 11 225 
9 12 1800 
9 13 2070 
9 14 2575 
9 15 2495 
9 16 2855 
9 17 3530 
9 18 3680 
9 19 3455 
9 20 3365 
9 21 3320 
9 22 3275 
9 23 4615 
9 24 5335 
9 25 5470 
9 26 5560 
9 27 5605 
9 28 6115 
9 29 5215 
9 30 4945 
9 31 5900 
9 32 6440 
9 33 6350 
9 34 7355 
9 35 7265 
9 36 8165 
9 37 8255 
9 38 8390 
9 39 8525 
9 40 8570 
9 41 8750 
9 42 8840 
9 43 9530 
9 44 9305 
9 45 8900 
9 46 8810 
9 47 8720 
9 48 9350 
9 49 10220 
9 50 10175 
9 56 405 
9 57 1215 
9 58 1675 
9 59 2495 
9 60 2825 
9 61 3055 
9 62 3575 
9 63 3775 
9 64 4295 
9 65 4525 
9 66 4855 
9 67 5675 
9 68 6125 
9 69 6935 
9 70 7265 
9 71 8075 
9 72 8405 
9 73 9215 
9 74 9545 
9 84 2260 
9 85 2530 
9 86 2115 
9 87 2825 
9 88 3185 
9 89 3860 
9 90 3350 
9 91 3125 
9 92 3035 
9 93 2990 
9 94 2945 
9 95 5665 
9 96 5800 
9 97 5890 
9 98 5935 
9 99 5785 
9 100 4885 
9 101 5990 
9 102 7025 
9 103 6935 
9 104 8495 
9 105 8585 
9 106 8855 
9 107 9080 
9 108 9170 
9 109 9200 
9 110 8975 
9 111 8480 
9 112 9680 
9 113 9890 
9 114 9845 
9 115 405 
10 11 90 
10 12 1665 
10 13 1935 
10 14 2440 
10 15 2360 
10 16 2720 
10 17 3395 
10 18 3545 
10 19 3320 
10 20 3230 
10 21 3185 
10 22 3140 
10 23 4480 
10 24 5200 
10 25 5335 
10 26 5425 
10 27 5470 
10 28 5980 
10 29 5080 
10 30 4810 
10 31 5765 
10 32 6305 
10 33 6215 
10 34 7220 
10 35 7130 
10 36 8030 
10 37 8120 
10 38 8255 
10 39 8390 
10 40 8435 
10 41 8615 
10 42 8705 
10 43 9395 
10 44 9170 
10 45 8765 
10 46 8675 
10 47 8585 
10 48 9215 
10 49 10085 
10 50 10040 
10 56 270 
10 57 1080 
10 58 1540 
10 59 2360 
10 60 2690 
10 61 2920 
10 62 3440 
10 63 3640 
10 64 4160 
10 65 4390 
10 66 4720 
10 67 5540 
10 68 5990 
10 69 6800 
10 70 7130 
10 71 7940 
10 72 8270 
10 73 9080 
10 74 9410 
10 84 2125 
10 85 2395 
10 86 1980 
10 87 2690 
10 88 3050 
10 89 3725 
10 90 3215 
10 91 2990 
10 92 2900 
10 93 2855 
10 94 2810 
10 95 5530 
10 96 5665 
10 97 5755 
10 98 5800 
10 99 5650 
10 100 4750 
10 101 5855 
10 102 6890 
10 103 6800 
10 104 8360 
10 105 8450 
10 106 8720 
10 107 8945 
10 108 9035 
10 109 9065 
10 110 8840 
10 111 8345 
10 112 9545 
10 113 9755 
10 114 9710 
10 115 270 
11 12 1575 
11 13 1845 
11 14 2350 
11 15 2270 
11 16 2630 
11 17 3305 
11 18 3455 
11 19 3230 
11 20 3140 
11 21 3095 
11 22 3050 
11 23 4390 
11 24 5110 
11 25 5245 
11 26 5335 
11 27 5380 
11 28 5890 
11 29 4990 
11 30 4720 
11 31 5675 
11 32 6215 
11 33 6125 
11 34 7130 
11 35 7040 
11 36 7940 
11 37 8030 
11 38 8165 
11 39 8300 
11 40 8345 
11 41 8525 
11 42 8615 
11 43 9305 
11 44 9080 
11 45 8675 
11 46 8585 
11 47 8495 
11 48 9125 
11 49 9995 
11 50 9950 
11 56 180 
11 57 990 
11 58 1450 
11 59 2270 
11 60 2600 
11 61 2830 
11 62 3350 
11 63 3550 
11 64 4070 
11 65 4300 
11 66 4630 
11 67 5450 
11 68 5900 
11 69 6710 
11 70 7040 
11 71 7850 
11 72 8180 
11 73 8990 
11 74 9320 
11 84 2035 
11 85 2305 
11 86 1890 
11 87 2600 
11 88 2960 
11 89 3635 
11 90 3125 
11 91 2900 
11 92 2810 
11 93 2765 
11 94 2720 
11 95 5440 
11 96 5575 
11 97 5665 
11 98 5710 
11 99 5560 
11 100 4660 
11 101 5765 
11 102 6800 
11 103 6710 
11 104 8270 
11 105 8360 
11 106 8630 
11 107 8855 
11 108 8945 
11 109 8975 
11 110 8750 
11 111 8255 
11 112 9455 
11 113 9665 
11 114 9620 
11 115 180 
12 13 270 
12 14 775 
12 15 1865 
12 16 2225 
12 17 2900 
12 18 3050 
12 19 2825 
12 20 2735 
12 21 2690 
12 22 2645 
12 23 3985 
12 24 4705 
12 25 4840 
12 26 4930 
12 27 4975 
12 28 5485 
12 29 4585 
12 30 4315 
12 31 5270 
12 32 5810 
12 33 5720 
12 34 6725 
12 35 6635 
12 36 7535 
12 37 7625 
12 38 7760 
12 39 7895 
12 40 7940 
12 41 8120 
12 42 8210 
12 43 8900 
12 44 8675 
12 45 8270 
12 46 8180 
12 47 8090 
12 48 8720 
12 49 9590 
12 50 9545 
12 58 1045 
12 59 1865 
12 60 2195 
12 61 2425 
12 62 2945 
12 63 3145 
12 64 3665 
12 65 3895 
12 66 4225 
12 67 5045 
12 68 5495 
12 69 6305 
12 70 6635 
12 71 7445 
12 72 7775 
12 73 8585 
12 74 8915 
12 84 460 
12 85 730 
12 86 315 
12 87 2195 
12 88 2555 
12 89 3230 
12 90 2720 
12 91 2495 
12 92 2405 
12 93 2360 
12 94 2315 
12 95 5035 
12 96 5170 
12 97 5260 
12 98 5305 
12 99 5155 
12 100 4255 
12 101 5360 
12 102 6395 
12 103 6305 
12 104 7865 
12 105 7955 
12 106 8225 
12 107 8450 
12 108 8540 
12 109 8570 
12 110 8345 
12 111 7850 
12 112 9050 
12 113 9260 
12 114 9215 
12 115 1045 
13 14 505 
13 15 2135 
13 16 2495 
13 17 3170 
13 18 3320 
13 19 3095 
13 20 3005 
13 21 2960 
13 22 2915 
13 23 4255 
13 24 4975 
13 25 5110 
13 26 5200 
13 27 5245 
13 28 5755 
13 29 4855 
13 30 4585 
13 31 5540 
13 32 6080 
13 33 5990 
13 34 6995 
13 35 6905 
13 36 7805 
13 37 7895 
13 38 8030 
13 39 8165 
13 40 8210 
13 41 8390 
13 42 8480 
13 43 9170 
13 44 8945 
13 45 8540 
13 46 8450 
13 47 8360 
13 48 8990 
13 49 9860 
13 50 9815 
13 58 1315 
13 59 2135 
13 60 2465 
13 61 2695 
13 62 3215 
13 63 3415 
13 64 3935 
13 65 4165 
13 66 4495 
13 67 5315 
13 68 5765 
13 69 6575 
13 70 6905 
13 71 7715 
13 72 8045 
13 73 8855 
13 74 9185 
13 84 730 
13 85 460 
13 86 45 
13 87 2465 
13 88 2825 
13 89 3500 
13 90 2990 
13 91 2765 
13 92 2675 
13 93 2630 
13 94 2585 
13 95 5305 
13 96 5440 
13 97 5530 
13 98 5575 
13 99 5425 
13 100 4525 
13 101 5630 
13 102 6665 
13 103 6575 
13 104 8135 
13 105 8225 
13 106 8495 
13 107 8720 
13 108 8810 
13 109 8840 
13 110 8615 
13 111 8120 
13 112 9320 
13 113 9530 
13 114 9485 
13 115 1315 
14 15 1720 
14 16 2080 
14 17 2755 
14 18 2905 
14 19 2680 
14 20 2590 
14 21 2545 
14 22 2500 
14 23 3840 
14 24 4560 
14 25 4695 
14 26 4785 
14 27 4830 
14 28 5340 
14 29 4440 
14 30 4170 
14 31 5125 
14 32 5665 
14 33 5575 
14 34 6580 
14 35 6490 
14 36 7390 
14 37 7480 
14 38 7615 
14 39 7750 
14 40 7795 
14 41 7975 
14 42 8065 
14 43 8755 
14 44 8530 
14 45 8125 
14 46 8035 
14 47 7945 
14 48 8575 
14 49 9445 
14 50 9400 
14 58 900 
14 59 1720 
14 60 2050 
14 61 2280 
14 62 2800 
14 63 3000 
14 64 3520 
14 65 3750 
14 66 4080 
14 67 4900 
14 68 5350 
14 69 6160 
14 70 6490 
14 71 7300 
14 72 7630 
14 73 8440 
14 74 8770 
14 84 315 
14 85 45 
14 87 2050 
14 88 2410 
14 89 3085 
14 90 2575 
14 91 2350 
14 92 2260 
14 93 2215 
14 94 2170 
14 95 4890 
14 96 5025 
14 97 5115 
14 98 5160 
14 99 5010 
14 100 4110 
14 101 5215 
14 102 6250 
14 103 6160 
14 104 7720 
14 105 7810 
14 106 8080 
14 107 8305 
14 108 8395 
14 109 8425 
14 110 8200 
14 111 7705 
14 112 8905 
14 113 9115 
14 114 9070 
14 115 900 
15 16 360 
15 17 1035 
15 18 1185 
15 19 960 
15 20 870 
15 21 825 
15 22 780 
15 23 2120 
15 24 2840 
15 25 2975 
15 26 3065 
15 27 3110 
15 28 3620 
15 29 2720 
15 30 2450 
15 31 3405 
15 32 3945 
15 33 3855 
15 34 4860 
15 35 4770 
15 36 5670 
15 37 5760 
15 38 5895 
15 39 6030 
15 40 6075 
15 41 6255 
15 42 6345 
15 43 7035 
15 44 6810 
15 45 6405 
15 46 6315 
15 47 6225 
15 48 6855 
15 49 7725 
15 50 7680 
15 60 330 
15 61 560 
15 62 1080 
15 63 1280 
15 64 1800 
15 65 2030 
15 66 2360 
15 67 3180 
15 68 3630 
15 69 4440 
15 70 4770 
15 71 5580 
15 72 5910 
15 73 6720 
15 74 7050 
15 87 330 
15 88 690 
15 89 1365 
15 90 855 
15 91 630 
15 92 540 
15 93 495 
15 94 450 
15 95 3170 
15 96 3305 
15 97 3395 
15 98 3440 
15 99 3290 
15 100 2390 
15 101 3495 
15 102 4530 
15 103 4440 
15 104 6000 
15 105 6090 
15 106 6360 
15 107 6585 
15 108 6675 
15 109 6705 
15 110 6480 
15 111 5985 
15 112 7185 
15 113 7395 
15 114 7350 
15 115 330 
16 17 675 
16 18 825 
16 19 600 
16 20 510 
16 21 465 
16 22 420 
16 23 2480 
16 24 3200 
16 25 3335 
16 26 3425 
16 27 3470 
16 28 3980 
16 29 3080 
16 30 2810 
16 31 3765 
16 32 4305 
16 33 4215 
16 34 5220 
16 35 5130 
16 36 6030 
16 37 6120 
16 38 6255 
16 39 6390 
16 40 6435 
16 41 6615 
16 42 6705 
16 43 7395 
16 44 7170 
16 45 6765 
16 46 6675 
16 47 6585 
16 48 7215 
16 49 8085 
16 50 8040 
16 60 690 
16 61 920 
16 62 1440 
16 63 1640 
16 64 2160 
16 65 2390 
16 66 2720 
16 67 3540 
16 68 3990 
16 69 4800 
16 70 5130 
16 71 5940 
16 72 6270 
16 73 7080 
16 74 7410 
16 87 690 
16 88 330 
16 89 1005 
16 90 495 
16 91 270 
16 92 180 
16 93 135 
16 94 90 
16 95 3530 
16 96 3665 
16 97 3755 
16 98 3800 
16 99 3650 
16 100 2750 
16 101 3855 
16 102 4890 
16 103 4800 
16 104 6360 
16 105 6450 
16 106 6720 
16 107 6945 
16 108 7035 
16 109 7065 
16 110 6840 
16 111 6345 
16 112 7545 
16 113 7755 
16 114 7710 
16 115 690 
17 18 510 
17 19 735 
17 20 825 
17 21 870 
17 22 915 
17 23 3155 
17 24 3875 
17 25 4010 
17 26 4100 
17 27 4145 
17 28 4655 
17 29 3755 
17 30 3485 
17 31 4440 
17 32 4980 
17 33 4890 
17 34 5895 
17 35 5805 
17 36 6705 
17 37 6795 
17 38 6930 
17 39 7065 
17 40 7110 
17 41 7290 
17 42 7380 
17 43 8070 
17 44 7845 
17 45 7440 
17 46 7350 
17 47 7260 
17 48 7890 
17 49 8760 
17 50 8715 
17 60 1365 
17 61 1595 
17 62 2115 
17 63 2315 
17 64 2835 
17 65 3065 
17 66 3395 
17 67 4215 
17 68 4665 
17 69 5475 
17 70 5805 
17 71 6615 
17 72 6945 
17 73 7755 
17 74 8085 
17 87 1365 
17 88 1005 
17 89 330 
17 95 4205 
17 96 4340 
17 97 4430 
17 98 4475 
17 99 4325 
17 100 3425 
17 101 4530 
17 102 5565 
17 103 5475 
17 104 7035 
17 105 7125 
17 106 7395 
17 107 7620 
17 108 7710 
17 109 7740 
17 110 7515 
17 111 7020 
17 112 8220 
17 113 8430 
17 114 8385 
17 115 1365 
18 19 225 
18 20 315 
18 21 360 
18 22 405 
18 23 2645 
18 24 3365 
18 25 3500 
18 26 3590 
18 27 3635 
18 28 4145 
18 29 3245 
18 30 2975 
18 31 3930 
18 32 4470 
18 33 4380 
18 34 5385 
18 35 5295 
18 36 6195 
18 37 6285 
18 38 6420 
18 39 6555 
18 40 6600 
18 41 6780 
18 42 6870 
18 43 7560 
18 44 7335 
18 45 6930 
18 46 6840 
18 47 6750 
18 48 7380 
18 49 8250 
18 50 8205 
18 60 855 
18 61 1085 
18 62 1605 
18 63 1805 
18 64 2325 
18 65 2555 
18 66 2885 
18 67 3705 
18 68 4155 
18 69 4965 
18 70 5295 
18 71 6105 
18 72 6435 
18 73 7245 
18 74 7575 
18 87 855 
18 88 495 
18 95 3695 
18 96 3830 
18 97 3920 
18 98 3965 
18 99 3815 
18 100 2915 
18 101 4020 
18 102 5055 
18 103 4965 
18 104 6525 
18 105 6615 
18 106 6885 
18 107 7110 
18 108 7200 
18 109 7230 
18 110 7005 
18 111 6510 
18 112 7710 
18 113 7920 
18 114 7875 
18 115 855 
19 20 90 
19 21 135 
19 22 180 
19 23 2420 
19 24 3140 
19 25 3275 
19 26 3365 
19 27 3410 
19 28 3920 
19 29 3020 
19 30 2750 
19 31 3705 
19 32 4245 
19 33 4155 
19 34 5160 
19 35 5070 
19 36 5970 
19 37 6060 
19 38 6195 
19 39 6330 
19 40 6375 
19 41 6555 
19 42 6645 
19 43 7335 
19 44 7110 
19 45 6705 
19 46 6615 
19 47 6525 
19 48 7155 
19 49 8025 
19 50 7980 
19 60 630 
19 61 860 
19 62 1380 
19 63 1580 
19 64 2100 
19 65 2330 
19 66 2660 
19 67 3480 
19 68 3930 
19 69 4740 
19 70 5070 
19 71 5880 
19 72 6210 
19 73 7020 
19 74 7350 
19 87 630 
19 88 270 
19 95 3470 
19 96 3605 
19 97 3695 
19 98 3740 
19 99 3590 
19 100 2690 
19 101 3795 
19 102 4830 
19 103 4740 
19 104 6300 
19 105 6390 
19 106 6660 
19 107 6885 
19 108 6975 
19 109 7005 
19 110 6780 
19 111 6285 
19 112 7485 
19 113 7695 
19 114 7650 
19 115 630 
20 21 45 
20 22 90 
20 23 2330 
20 24 3050 
20 25 3185 
20 26 3275 
20 27 3320 
20 28 3830 
20 29 2930 
20 30 2660 
20 31 3615 
20 32 4155 
20 33 4065 
20 34 5070 
20 35 4980 
20 36 5880 
20 37 5970 
20 38 6105 
20 39 6240 
20 40 6285 
20 41 6465 
20 42 6555 
20 43 7245 
20 44 7020 
20 45 6615 
20 46 6525 
20 47 6435 
20 48 7065 
20 49 7935 
20 50 7890 
20 60 540 
20 61 770 
20 62 1290 
20 63 1490 
20 64 2010 
20 65 2240 
20 66 2570 
20 67 3390 
20 68 3840 
20 69 4650 
20 70 4980 
20 71 5790 
20 72 6120 
20 73 6930 
20 74 7260 
20 87 540 
20 88 180 
20 95 3380 
20 96 3515 
20 97 3605 
20 98 3650 
20 99 3500 
20 100 2600 
20 101 3705 
20 102 4740 
20 103 4650 
20 104 6210 
20 105 6300 
20 106 6570 
20 107 6795 
20 108 6885 
20 109 6915 
20 110 6690 
20 111 6195 
20 112 7395 
20 113 7605 
20 114 7560 
20 115 540 
21 22 45 
21 23 2285 
21 24 3005 
21 25 3140 
21 26 3230 
21 27 3275 
21 28 3785 
21 29 2885 
21 30 2615 
21 31 3570 
21 32 4110 
21 33 4020 
21 34 5025 
21 35 4935 
21 36 5835 
21 37 5925 
21 38 6060 
21 39 6195 
21 40 6240 
21 41 6420 
21 42 6510 
21 43 7200 
21 44 6975 
21 45 6570 
21 46 6480 
21 47 6390 
21 48 7020 
21 49 7890 
21 50 7845 
21 60 495 
21 61 725 
21 62 1245 
21 63 1445 
21 64 1965 
21 65 2195 
21 66 2525 
21 67 3345 
21 68 3795 
21 69 4605 
21 70 4935 
21 71 5745 
21 72 6075 
21 73 6885 
21 74 7215 
21 87 495 
21 88 135 
21 95 3335 
21 96 3470 
21 97 3560 
21 98 3605 
21 99 3455 
21 100 2555 
21 101 3660 
21 102 4695 
21 103 4605 
21 104 6165 
21 105 6255 
21 106 6525 
21 107 6750 
21 108 6840 
21 109 6870 
21 110 6645 
21 111 6150 
21 112 7350 
21 113 7560 
21 114 7515 
21 115 495 
22 23 2240 
22 24 2960 
22 25 3095 
22 26 3185 
22 27 3230 
22 28 3740 
22 29 2840 
22 30 2570 
22 31 3525 
22 32 4065 
22 33 3975 
22 34 4980 
22 35 4890 
22 36 5790 
22 37 5880 
22 38 6015 
22 39 6150 
22 40 6195 
22 41 6375 
22 42 6465 
22 43 7155 
22 44 6930 
22 45 6525 
22 46 6435 
22 47 6345 
22 48 6975 
22 49 7845 
22 50 7800 
22 60 450 
22 61 680 
22 62 1200 
22 63 1400 
22 64 1920 
22 65 2150 
22 66 2480 
22 67 3300 
22 68 3750 
22 69 4560 
22 70 4890 
22 71 5700 
22 72 6030 
22 73 6840 
22 74 7170 
22 87 450 
22 88 90 
22 95 3290 
22 96 3425 
22 97 3515 
22 98 3560 
22 99 3410 
22 100 2510 
22 101 3615 
22 102 4650 
22 103 4560 
22 104 6120 
22 105 6210 
22 106 6480 
22 107 6705 
22 108 6795 
22 109 6825 
22 110 6600 
22 111 6105 
22 112 7305 
22 113 7515 
22 114 7470 
22 115 450 
23 24 720 
23 25 855 
23 26 945 
23 27 990 
23 28 1500 
23 29 600 
23 30 330 
23 31 1465 
23 32 2005 
23 33 1915 
23 34 2920 
23 35 2830 
23 36 3730 
23 37 3820 
23 38 3955 
23 39 4090 
23 40 4135 
23 41 4315 
23 42 4405 
23 43 5095 
23 44 4870 
23 45 4465 
23 46 4375 
23 47 4285 
23 48 4915 
23 49 5785 
23 50 5740 
23 66 420 
23 67 1240 
23 68 1690 
23 69 2500 
23 70 2830 
23 71 3640 
23 72 3970 
23 73 4780 
23 74 5110 
23 95 1050 
23 96 1185 
23 97 1275 
23 98 1320 
23 99 1170 
23 100 270 
23 101 1555 
23 102 2590 
23 103 2500 
23 104 4060 
23 105 4150 
23 106 4420 
23 107 4645 
23 108 4735 
23 109 4765 
23 110 4540 
23 111 4045 
23 112 5245 
23 113 5455 
23 114 5410 
23 115 420 
24 25 135 
24 26 225 
24 27 270 
24 28 780 
24 29 780 
24 30 1050 
24 31 2185 
24 32 2725 
24 33 2635 
24 34 3640 
24 35 3550 
24 36 4450 
24 37 4540 
24 38 4675 
24 39 4810 
24 40 4855 
24 41 5035 
24 42 5125 
24 43 5815 
24 44 5590 
24 45 5185 
24 46 5095 
24 47 5005 
24 48 5635 
24 49 6505 
24 50 6460 
24 66 1140 
24 67 1960 
24 68 2410 
24 69 3220 
24 70 3550 
24 71 4360 
24 72 4690 
24 73 5500 
24 74 5830 
24 95 330 
24 96 465 
24 97 555 
24 98 600 
24 99 450 
24 101 2275 
24 102 3310 
24 103 3220 
24 104 4780 
24 105 4870 
24 106 5140 
24 107 5365 
24 108 5455 
24 109 5485 
24 110 5260 
24 111 4765 
24 112 5965 
24 113 6175 
24 114 6130 
24 115 1140 
25 26 90 
25 27 135 
25 28 645 
25 29 915 
25 30 1185 
25 31 2320 
25 32 2860 
25 33 2770 
25 34 3775 
25 35 3685 
25 36 4585 
25 37 4675 
25 38 4810 
25 39 4945 
25 40 4990 
25 41 5170 
25 42 5260 
25 43 5950 
25 44 5725 
25 45 5320 
25 46 5230 
25 47 5140 
25 48 5770 
25 49 6640 
25 50 6595 
25 66 1275 
25 67 2095 
25 68 2545 
25 69 3355 
25 70 3685 
25 71 4495 
25 72 4825 
25 73 5635 
25 74 5965 
25 95 465 
25 96 330 
25 97 420 
25 98 465 
25 99 315 
25 101 2410 
25 102 3445 
25 103 3355 
25 104 4915 
25 105 5005 
25 106 5275 
25 107 5500 
25 108 5590 
25 109 5620 
25 110 5395 
25 111 4900 
25 112 6100 
25 113 6310 
25 114 6265 
25 115 1275 
26 27 45 
26 28 555 
26 29 1005 
26 30 1275 
26 31 2410 
26 32 2950 
26 33 2860 
26 34 3865 
26 35 3775 
26 36 4675 
26 37 4765 
26 38 4900 
26 39 5035 
26 40 5080 
26 41 5260 
26 42 5350 
26 43 6040 
26 44 5815 
26 45 5410 
26 46 5320 
26 47 5230 
26 48 5860 
26 49 6730 
26 50 6685 
26 66 1365 
26 67 2185 
26 68 2635 
26 69 3445 
26 70 3775 
26 71 4585 
26 72 4915 
26 73 5725 
26 74 6055 
26 95 555 
26 96 420 
26 97 330 
26 98 375 
26 99 225 
26 101 2500 
26 102 3535 
26 103 3445 
26 104 5005 
26 105 5095 
26 106 5365 
26 107 5590 
26 108 5680 
26 109 5710 
26 110 5485 
26 111 4990 
26 112 6190 
26 113 6400 
26 114 6355 
26 115 1365 
27 28 510 
27 29 1050 
27 30 1320 
27 31 2455 
27 32 2995 
27 33 2905 
27 34 3910 
27 35 3820 
27 36 4720 
27 37 4810 
27 38 4945 
27 39 5080 
27 40 5125 
27 41 5305 
27 42 5395 
27 43 6085 
27 44 5860 
27 45 5455 
27 46 5365 
27 47 5275 
27 48 5905 
27 49 6775 
27 50 6730 
27 66 1410 
27 67 2230 
27 68 2680 
27 69 3490 
27 70 3820 
27 71 4630 
27 72 4960 
27 73 5770 
27 74 6100 
27 95 600 
27 96 465 
27 97 375 
27 98 330 
27 99 180 
27 101 2545 
27 102 3580 
27 103 3490 
27 104 5050 
27 105 5140 
27 106 5410 
27 107 5635 
27 108 5725 
27 109 5755 
27 110 5530 
27 111 5035 
27 112 6235 
27 113 6445 
27 114 6400 
27 115 1410 
28 29 900 
28 30 1170 
28 31 2305 
28 32 2845 
28 33 2755 
28 34 3760 
28 35 3670 
28 36 4570 
28 37 4660 
28 38 4795 
28 39 4930 
28 40 4975 
28 41 5155 
28 42 5245 
28 43 5935 
28 44 5710 
28 45 5305 
28 46 5215 
28 47 5125 
28 48 5755 
28 49 6625 
28 50 6580 
28 66 1260 
28 67 2080 
28 68 2530 
28 69 3340 
28 70 3670 
28 71 4480 
28 72 4810 
28 73 5620 
28 74 5950 
28 95 450 
28 96 315 
28 97 225 
28 98 180 
28 101 2395 
28 102 3430 
28 103 3340 
28 104 4900 
28 105 4990 
28 106 5260 
28 107 5485 
28 108 5575 
28 109 5605 
28 110 5380 
28 111 4885 
28 112 6085 
28 113 6295 
28 114 6250 
28 115 1260 
29 30 270 
29 31 1405 
29 32 1945 
29 33 1855 
29 34 2860 
29 35 2770 
29 36 3670 
29 37 3760 
29 38 3895 
29 39 4030 
29 40 4075 
29 41 4255 
29 42 4345 
29 43 5035 
29 44 4810 
29 45 4405 
29 46 4315 
29 47 4225 
29 48 4855 
29 49 5725 
29 50 5680 
29 66 360 
29 67 1180 
29 68 1630 
29 69 2440 
29 70 2770 
29 71 3580 
29 72 3910 
29 73 4720 
29 74 5050 
29 101 1495 
29 102 2530 
29 103 2440 
29 104 4000 
29 105 4090 
29 106 4360 
29 107 4585 
29 108 4675 
29 109 4705 
29 110 4480 
29 111 3985 
29 112 5185 
29 113 5395 
29 114 5350 
29 115 360 
30 31 1135 
30 32 1675 
30 33 1585 
30 34 2590 
30 35 2500 
30 36 3400 
30 37 3490 
30 38 3625 
30 39 3760 
30 40 3805 
30 41 3985 
30 42 4075 
30 43 4765 
30 44 4540 
30 45 4135 
30 46 4045 
30 47 3955 
30 48 4585 
30 49 5455 
30 50 5410 
30 66 90 
30 67 910 
30 68 1360 
30 69 2170 
30 70 2500 
30 71 3310 
30 72 3640 
30 73 4450 
30 74 4780 
30 101 1225 
30 102 2260 
30 103 2170 
30 104 3730 
30 105 3820 
30 106 4090 
30 107 4315 
30 108 4405 
30 109 4435 
30 110 4210 
30 111 3715 
30 112 4915 
30 113 5125 
30 114 5080 
30 115 90 
31 32 540 
31 33 450 
31 34 1905 
31 35 1815 
31 36 2715 
31 37 2805 
31 38 2940 
31 39 3075 
31 40 3120 
31 41 3300 
31 42 3390 
31 43 4080 
31 44 3855 
31 45 3450 
31 46 3360 
31 47 3270 
31 48 3900 
31 49 4770 
31 50 4725 
31 68 675 
31 69 1485 
31 70 1815 
31 71 2625 
31 72 2955 
31 73 3765 
31 74 4095 
31 101 90 
31 102 1575 
31 103 1485 
31 104 3045 
31 105 3135 
31 106 3405 
31 107 3630 
31 108 3720 
31 109 3750 
31 110 3525 
31 111 3030 
31 112 4230 
31 113 4440 
31 114 4395 
31 115 675 
32 33 90 
32 34 1545 
32 35 1455 
32 36 2355 
32 37 2445 
32 38 2580 
32 39 2715 
32 40 2760 
32 41 2940 
32 42 3030 
32 43 3720 
32 44 3495 
32 45 3090 
32 46 3000 
32 47 2910 
32 48 3540 
32 49 4410 
32 50 4365 
32 68 315 
32 69 1125 
32 70 1455 
32 71 2265 
32 72 2595 
32 73 3405 
32 74 3735 
32 102 1215 
32 103 1125 
32 104 2685 
32 105 2775 
32 106 3045 
32 107 3270 
32 108 3360 
32 109 3390 
32 110 3165 
32 111 2670 
32 112 3870 
32 113 4080 
32 114 4035 
32 115 315 
33 34 1455 
33 35 1365 
33 36 2265 
33 37 2355 
33 38 2490 
33 39 2625 
33 40 2670 
33 41 2850 
33 42 2940 
33 43 3630 
33 44 3405 
33 45 3000 
33 46 2910 
33 47 2820 
33 48 3450 
33 49 4320 
33 50 4275 
33 68 225 
33 69 1035 
33 70 1365 
33 71 2175 
33 72 2505 
33 73 3315 
33 74 3645 
33 102 1125 
33 103 1035 
33 104 2595 
33 105 2685 
33 106 2955 
33 107 3180 
33 108 3270 
33 109 3300 
33 110 3075 
33 111 2580 
33 112 3780 
33 113 3990 
33 114 3945 
33 115 225 
34 35 90 
34 36 990 
34 37 1080 
34 38 1215 
34 39 1350 
34 40 1395 
34 41 1575 
34 42 1665 
34 43 2355 
34 44 2130 
34 45 1725 
34 46 1635 
34 47 1545 
34 48 2175 
34 49 3045 
34 50 3000 
34 70 90 
34 71 900 
34 72 1230 
34 73 2040 
34 74 2370 
34 104 1320 
34 105 1410 
34 106 1680 
34 107 1905 
34 108 1995 
34 109 2025 
34 110 1800 
34 111 1305 
34 112 2505 
34 113 2715 
34 114 2670 
34 115 90 
35 36 900 
35 37 990 
35 38 1125 
35 39 1260 
35 40 1305 
35 41 1485 
35 42 1575 
35 43 2265 
35 44 2040 
35 45 1635 
35 46 1545 
35 47 1455 
35 48 2085 
35 49 2955 
35 50 2910 
35 70 0 
35 71 810 
35 72 1140 
35 73 1950 
35 74 2280 
35 104 1230 
35 105 1320 
35 106 1590 
35 107 1815 
35 108 1905 
35 109 1935 
35 110 1710 
35 111 1215 
35 112 2415 
35 113 2625 
35 114 2580 
35 115 0 
36 37 90 
36 38 225 
36 39 360 
36 40 405 
36 41 585 
36 42 675 
36 43 1365 
36 44 1140 
36 45 735 
36 46 645 
36 47 555 
36 48 1365 
36 49 2235 
36 50 2190 
36 72 420 
36 73 1230 
36 74 1560 
36 104 330 
36 105 420 
36 106 690 
36 107 915 
36 108 1005 
36 109 1035 
36 110 810 
36 111 315 
36 112 1695 
36 113 1905 
36 114 1860 
36 115 420 
37 38 135 
37 39 270 
37 40 315 
37 41 495 
37 42 585 
37 43 1275 
37 44 1050 
37 45 645 
37 46 555 
37 47 465 
37 48 1455 
37 49 2325 
37 50 2280 
37 72 510 
37 73 1320 
37 74 1650 
37 104 420 
37 105 330 
37 106 600 
37 107 825 
37 108 915 
37 109 945 
37 110 720 
37 111 225 
37 112 1785 
37 113 1995 
37 114 1950 
37 115 510 
38 39 135 
38 40 180 
38 41 360 
38 42 450 
38 43 1140 
38 44 915 
38 45 510 
38 46 420 
38 47 330 
38 48 1590 
38 49 2460 
38 50 2415 
38 72 645 
38 73 1455 
38 74 1785 
38 104 555 
38 105 465 
38 106 465 
38 107 690 
38 108 780 
38 109 810 
38 110 585 
38 111 90 
38 112 1920 
38 113 2130 
38 114 2085 
38 115 645 
39 40 45 
39 41 225 
39 42 315 
39 43 1005 
39 44 780 
39 45 375 
39 46 375 
39 47 465 
39 48 1725 
39 49 2595 
39 50 2550 
39 72 780 
39 73 1590 
39 74 1920 
39 104 690 
39 105 600 
39 106 330 
39 107 555 
39 108 645 
39 109 675 
39 110 450 
39 112 2055 
39 113 2265 
39 114 2220 
39 115 780 
40 41 180 
40 42 270 
40 43 960 
40 44 735 
40 45 330 
40 46 420 
40 47 510 
40 48 1770 
40 49 2640 
40 50 2595 
40 72 825 
40 73 1635 
40 74 1965 
40 104 735 
40 105 645 
40 106 375 
40 107 510 
40 108 600 
40 109 630 
40 110 405 
40 112 2100 
40 113 2310 
40 114 2265 
40 115 825 
41 42 90 
41 43 780 
41 44 555 
41 45 510 
41 46 600 
41 47 690 
41 48 1950 
41 49 2820 
41 50 2775 
41 72 1005 
41 73 1815 
41 74 2145 
41 104 915 
41 105 825 
41 106 555 
41 107 330 
41 108 420 
41 109 450 
41 110 225 
41 112 2280 
41 113 2490 
41 114 2445 
41 115 1005 
42 43 690 
42 44 465 
42 45 600 
42 46 690 
42 47 780 
42 48 2040 
42 49 2910 
42 50 2865 
42 72 1095 
42 73 1905 
42 74 2235 
42 104 1005 
42 105 915 
42 106 645 
42 107 420 
42 108 330 
42 109 360 
42 110 135 
42 112 2370 
42 113 2580 
42 114 2535 
42 115 1095 
43 44 225 
43 45 630 
43 46 720 
43 47 810 
43 48 2070 
43 49 2940 
43 50 2895 
43 72 1125 
43 73 1935 
43 74 2265 
43 104 1035 
43 105 945 
43 106 675 
43 107 450 
43 108 360 
43 112 2400 
43 113 2610 
43 114 2565 
43 115 1125 
44 45 405 
44 46 495 
44 47 585 
44 48 1845 
44 49 2715 
44 50 2670 
44 72 900 
44 73 1710 
44 74 2040 
44 104 810 
44 105 720 
44 106 450 
44 107 225 
44 108 135 
44 112 2175 
44 113 2385 
44 114 2340 
44 115 900 
45 46 90 
45 47 180 
45 48 1440 
45 49 2310 
45 50 2265 
45 72 495 
45 73 1305 
45 74 1635 
45 104 405 
45 105 315 
45 106 45 
45 112 1770 
45 113 1980 
45 114 1935 
45 115 495 
46 47 90 
46 48 1350 
46 49 2220 
46 50 2175 
46 72 405 
46 73 1215 
46 74 1545 
46 104 315 
46 105 225 
46 112 1680 
46 113 1890 
46 114 1845 
46 115 405 
47 48 1260 
47 49 2130 
47 50 2085 
47 72 315 
47 73 1125 
47 74 1455 
47 104 225 
47 105 135 
47 112 1590 
47 113 1800 
47 114 1755 
47 115 315 
48 49 870 
48 50 825 
48 74 465 
48 112 330 
48 113 540 
48 114 495 
48 115 465 
49 50 45 
49 74 675 
49 112 540 
49 115 675 
50 74 630 
50 112 495 
50 115 630 
51 1 1320 
51 2 1965 
51 3 1785 
51 4 1470 
51 5 2460 
51 6 3555 
51 7 3330 
51 8 3285 
51 9 3015 
51 10 2880 
51 11 2790 
51 12 4005 
51 13 4275 
51 14 4780 
51 15 4700 
51 16 5060 
51 17 5735 
51 18 5885 
51 19 5660 
51 20 5570 
51 21 5525 
51 22 5480 
51 23 6820 
51 24 7540 
51 25 7675 
51 26 7765 
51 27 7810 
51 28 8320 
51 29 7420 
51 30 7150 
51 31 8105 
51 32 8645 
51 33 8555 
51 34 9560 
51 35 9470 
51 36 10370 
51 37 10460 
51 38 10595 
51 39 10730 
51 40 10775 
51 41 10955 
51 42 11045 
51 43 11735 
51 44 11510 
51 45 11105 
51 46 11015 
51 47 10925 
51 48 11555 
51 49 12425 
51 50 12380 
51 52 330 
51 53 1140 
51 54 1470 
51 55 2280 
51 56 2610 
51 57 3420 
51 58 3880 
51 59 4700 
51 60 5030 
51 61 5260 
51 62 5780 
51 63 5980 
51 64 6500 
51 65 6730 
51 66 7060 
51 67 7880 
51 68 8330 
51 69 9140 
51 70 9470 
51 71 10280 
51 72 10610 
51 73 11420 
51 74 11750 
51 75 1650 
51 76 1635 
51 77 1455 
51 78 1140 
51 79 3225 
51 80 3000 
51 81 2955 
51 82 2685 
51 83 2550 
51 84 4465 
51 85 4735 
51 86 4320 
51 87 5030 
51 88 5390 
51 89 6065 
51 90 5555 
51 91 5330 
51 92 5240 
51 93 5195 
51 94 5150 
51 95 7870 
51 96 8005 
51 97 8095 
51 98 8140 
51 99 7990 
51 100 7090 
51 101 8195 
51 102 9230 
51 103 9140 
51 104 10700 
51 105 10790 
51 106 11060 
51 107 11285 
51 108 11375 
51 109 11405 
51 110 11180 
51 111 10685 
51 112 11885 
51 113 12095 
51 114 12050 
51 115 330 
52 1 990 
52 2 1635 
52 3 1455 
52 4 1140 
52 5 2130 
52 6 3225 
52 7 3000 
52 8 2955 
52 9 2685 
52 10 2550 
52 11 2460 
52 12 3675 
52 13 3945 
52 14 4450 
52 15 4370 
52 16 4730 
52 17 5405 
52 18 5555 
52 19 5330 
52 20 5240 
52 21 5195 
52 22 5150 
52 23 6490 
52 24 7210 
52 25 7345 
52 26 7435 
52 27 7480 
52 28 7990 
52 29 7090 
52 30 6820 
52 31 7775 
52 32 8315 
52 33 8225 
52 34 9230 
52 35 9140 
52 36 10040 
52 37 10130 
52 38 10265 
52 39 10400 
52 40 10445 
52 41 10625 
52 42 10715 
52 43 11405 
52 44 11180 
52 45 10775 
52 46 10685 
52 47 10595 
52 48 11225 
52 49 12095 
52 50 12050 
52 53 810 
52 54 1140 
52 55 1950 
52 56 2280 
52 57 3090 
52 58 3550 
52 59 4370 
52 60 4700 
52 61 4930 
52 62 5450 
52 63 5650 
52 64 6170 
52 65 6400 
52 66 6730 
52 67 7550 
52 68 8000 
52 69 8810 
52 70 9140 
52 71 9950 
52 72 10280 
52 73 11090 
52 74 11420 
52 75 1320 
52 76 1305 
52 77 1125 
52 78 810 
52 79 2895 
52 80 2670 
52 81 2625 
52 82 2355 
52 83 2220 
52 84 4135 
52 85 4405 
52 86 3990 
52 87 4700 
52 88 5060 
52 89 5735 
52 90 5225 
52 91 5000 
52 92 4910 
52 93 4865 
52 94 4820 
52 95 7540 
52 96 7675 
52 97 7765 
52 98 7810 
52 99 7660 
52 100 6760 
52 101 7865 
52 102 8900 
52 103 8810 
52 104 10370 
52 105 10460 
52 106 10730 
52 107 10955 
52 108 11045 
52 109 11075 
52 110 10850 
52 111 10355 
52 112 11555 
52 113 11765 
52 114 11720 
52 115 0 
53 1 180 
53 2 825 
53 3 645 
53 4 330 
53 5 1320 
53 6 2415 
53 7 2190 
53 8 2145 
53 9 1875 
53 10 1740 
53 11 1650 
53 12 2865 
53 13 3135 
53 14 3640 
53 15 3560 
53 16 3920 
53 17 4595 
53 18 4745 
53 19 4520 
53 20 4430 
53 21 4385 
53 22 4340 
53 23 5680 
53 24 6400 
53 25 6535 
53 26 6625 
53 27 6670 
53 28 7180 
53 29 6280 
53 30 6010 
53 31 6965 
53 32 7505 
53 33 7415 
53 34 8420 
53 35 8330 
53 36 9230 
53 37 9320 
53 38 9455 
53 39 9590 
53 40 9635 
53 41 9815 
53 42 9905 
53 43 10595 
53 44 10370 
53 45 9965 
53 46 9875 
53 47 9785 
53 48 10415 
53 49 11285 
53 50 11240 
53 54 330 
53 55 1140 
53 56 1470 
53 57 2280 
53 58 2740 
53 59 3560 
53 60 3890 
53 61 4120 
53 62 4640 
53 63 4840 
53 64 5360 
53 65 5590 
53 66 5920 
53 67 6740 
53 68 7190 
53 69 8000 
53 70 8330 
53 71 9140 
53 72 9470 
53 73 10280 
53 74 10610 
53 75 510 
53 76 495 
53 77 315 
53 78 0 
53 79 2085 
53 80 1860 
53 81 1815 
53 82 1545 
53 83 1410 
53 84 3325 
53 85 3595 
53 86 3180 
53 87 3890 
53 88 4250 
53 89 4925 
53 90 4415 
53 91 4190 
53 92 4100 
53 93 4055 
53 94 4010 
53 95 6730 
53 96 6865 
53 97 6955 
53 98 7000 
53 99 6850 
53 100 5950 
53 101 7055 
53 102 8090 
53 103 8000 
53 104 9560 
53 105 9650 
53 106 9920 
53 107 10145 
53 108 10235 
53 109 10265 
53 110 10040 
53 111 9545 
53 112 10745 
53 113 10955 
53 114 10910 
53 115 330 
54 5 990 
54 6 2085 
54 7 1860 
54 8 1815 
54 9 1545 
54 10 1410 
54 11 1320 
54 12 2535 
54 13 2805 
54 14 3310 
54 15 3230 
54 16 3590 
54 17 4265 
54 18 4415 
54 19 4190 
54 20 4100 
54 21 4055 
54 22 4010 
54 23 5350 
54 24 6070 
54 25 6205 
54 26 6295 
54 27 6340 
54 28 6850 
54 29 5950 
54 30 5680 
54 31 6635 
54 32 7175 
54 33 7085 
54 34 8090 
54 35 8000 
54 36 8900 
54 37 8990 
54 38 9125 
54 39 9260 
54 40 9305 
54 41 9485 
54 42 9575 
54 43 10265 
54 44 10040 
54 45 9635 
54 46 9545 
54 47 9455 
54 48 10085 
54 49 10955 
54 50 10910 
54 55 810 
54 56 1140 
54 57 1950 
54 58 2410 
54 59 3230 
54 60 3560 
54 61 3790 
54 62 4310 
54 63 4510 
54 64 5030 
54 65 5260 
54 66 5590 
54 67 6410 
54 68 6860 
54 69 7670 
54 70 8000 
54 71 8810 
54 72 9140 
54 73 9950 
54 74 10280 
54 79 1755 
54 80 1530 
54 81 1485 
54 82 1215 
54 83 1080 
54 84 2995 
54 85 3265 
54 86 2850 
54 87 3560 
54 88 3920 
54 89 4595 
54 90 4085 
54 91 3860 
54 92 3770 
54 93 3725 
54 94 3680 
54 95 6400 
54 96 6535 
54 97 6625 
54 98 6670 
54 99 6520 
54 100 5620 
54 101 6725 
54 102 7760 
54 103 7670 
54 104 9230 
54 105 9320 
54 106 9590 
54 107 9815 
54 108 9905 
54 109 9935 
54 110 9710 
54 111 9215 
54 112 10415 
54 113 10625 
54 114 10580 
54 115 0 
55 5 180 
55 6 1275 
55 7 1050 
55 8 1005 
55 9 735 
55 10 600 
55 11 510 
55 12 1725 
55 13 1995 
55 14 2500 
55 15 2420 
55 16 2780 
55 17 3455 
55 18 3605 
55 19 3380 
55 20 3290 
55 21 3245 
55 22 3200 
55 23 4540 
55 24 5260 
55 25 5395 
55 26 5485 
55 27 5530 
55 28 6040 
55 29 5140 
55 30 4870 
55 31 5825 
55 32 6365 
55 33 6275 
55 34 7280 
55 35 7190 
55 36 8090 
55 37 8180 
55 38 8315 
55 39 8450 
55 40 8495 
55 41 8675 
55 42 8765 
55 43 9455 
55 44 9230 
55 45 8825 
55 46 8735 
55 47 8645 
55 48 9275 
55 49 10145 
55 50 10100 
55 56 330 
55 57 1140 
55 58 1600 
55 59 2420 
55 60 2750 
55 61 2980 
55 62 3500 
55 63 3700 
55 64 4220 
55 65 4450 
55 66 4780 
55 67 5600 
55 68 6050 
55 69 6860 
55 70 7190 
55 71 8000 
55 72 8330 
55 73 9140 
55 74 9470 
55 79 945 
55 80 720 
55 81 675 
55 82 405 
55 83 270 
55 84 2185 
55 85 2455 
55 86 2040 
55 87 2750 
55 88 3110 
55 89 3785 
55 90 3275 
55 91 3050 
55 92 2960 
55 93 2915 
55 94 2870 
55 95 5590 
55 96 5725 
55 97 5815 
55 98 5860 
55 99 5710 
55 100 4810 
55 101 5915 
55 102 6950 
55 103 6860 
55 104 8420 
55 105 8510 
55 106 8780 
55 107 9005 
55 108 9095 
55 109 9125 
55 110 8900 
55 111 8405 
55 112 9605 
55 113 9815 
55 114 9770 
55 115 330 
56 12 1395 
56 13 1665 
56 14 2170 
56 15 2090 
56 16 2450 
56 17 3125 
56 18 3275 
56 19 3050 
56 20 2960 
56 21 2915 
56 22 2870 
56 23 4210 
56 24 4930 
56 25 5065 
56 26 5155 
56 27 5200 
56 28 5710 
56 29 4810 
56 30 4540 
56 31 5495 
56 32 6035 
56 33 5945 
56 34 6950 
56 35 6860 
56 36 7760 
56 37 7850 
56 38 7985 
56 39 8120 
56 40 8165 
56 41 8345 
56 42 8435 
56 43 9125 
56 44 8900 
56 45 8495 
56 46 8405 
56 47 8315 
56 48 8945 
56 49 9815 
56 50 9770 
56 57 810 
56 58 1270 
56 59 2090 
56 60 2420 
56 61 2650 
56 62 3170 
56 63 3370 
56 64 3890 
56 65 4120 
56 66 4450 
56 67 5270 
56 68 5720 
56 69 6530 
56 70 6860 
56 71 7670 
56 72 8000 
56 73 8810 
56 74 9140 
56 84 1855 
56 85 2125 
56 86 1710 
56 87 2420 
56 88 2780 
56 89 3455 
56 90 2945 
56 91 2720 
56 92 2630 
56 93 2585 
56 94 2540 
56 95 5260 
56 96 5395 
56 97 5485 
56 98 5530 
56 99 5380 
56 100 4480 
56 101 5585 
56 102 6620 
56 103 6530 
56 104 8090 
56 105 8180 
56 106 8450 
56 107 8675 
56 108 8765 
56 109 8795 
56 110 8570 
56 111 8075 
56 112 9275 
56 113 9485 
56 114 9440 
56 115 0 
57 12 585 
57 13 855 
57 14 1360 
57 15 1280 
57 16 1640 
57 17 2315 
57 18 2465 
57 19 2240 
57 20 2150 
57 21 2105 
57 22 2060 
57 23 3400 
57 24 4120 
57 25 4255 
57 26 4345 
57 27 4390 
57 28 4900 
57 29 4000 
57 30 3730 
57 31 4685 
57 32 5225 
57 33 5135 
57 34 6140 
57 35 6050 
57 36 6950 
57 37 7040 
57 38 7175 
57 39 7310 
57 40 7355 
57 41 7535 
57 42 7625 
57 43 8315 
57 44 8090 
57 45 7685 
57 46 7595 
57 47 7505 
57 48 8135 
57 49 9005 
57 50 8960 
57 58 460 
57 59 1280 
57 60 1610 
57 61 1840 
57 62 2360 
57 63 2560 
57 64 3080 
57 65 3310 
57 66 3640 
57 67 4460 
57 68 4910 
57 69 5720 
57 70 6050 
57 71 6860 
57 72 7190 
57 73 8000 
57 74 8330 
57 84 1045 
57 85 1315 
57 86 900 
57 87 1610 
57 88 1970 
57 89 2645 
57 90 2135 
57 91 1910 
57 92 1820 
57 93 1775 
57 94 1730 
57 95 4450 
57 96 4585 
57 97 4675 
57 98 4720 
57 99 4570 
57 100 3670 
57 101 4775 
57 102 5810 
57 103 5720 
57 104 7280 
57 105 7370 
57 106 7640 
57 107 7865 
57 108 7955 
57 109 7985 
57 110 7760 
57 111 7265 
57 112 8465 
57 113 8675 
57 114 8630 
57 115 460 
58 15 820 
58 16 1180 
58 17 1855 
58 18 2005 
58 19 1780 
58 20 1690 
58 21 1645 
58 22 1600 
58 23 2940 
58 24 3660 
58 25 3795 
58 26 3885 
58 27 3930 
58 28 4440 
58 29 3540 
58 30 3270 
58 31 4225 
58 32 4765 
58 33 4675 
58 34 5680 
58 35 5590 
58 36 6490 
58 37 6580 
58 38 6715 
58 39 6850 
58 40 6895 
58 41 7075 
58 42 7165 
58 43 7855 
58 44 7630 
58 45 7225 
58 46 7135 
58 47 7045 
58 48 7675 
58 49 8545 
58 50 8500 
58 59 820 
58 60 1150 
58 61 1380 
58 62 1900 
58 63 2100 
58 64 2620 
58 65 2850 
58 66 3180 
58 67 4000 
58 68 4450 
58 69 5260 
58 70 5590 
58 71 6400 
58 72 6730 
58 73 7540 
58 74 7870 
58 87 1150 
58 88 1510 
58 89 2185 
58 90 1675 
58 91 1450 
58 92 1360 
58 93 1315 
58 94 1270 
58 95 3990 
58 96 4125 
58 97 4215 
58 98 4260 
58 99 4110 
58 100 3210 
58 101 4315 
58 102 5350 
58 103 5260 
58 104 6820 
58 105 6910 
58 106 7180 
58 107 7405 
58 108 7495 
58 109 7525 
58 110 7300 
58 111 6805 
58 112 8005 
58 113 8215 
58 114 8170 
58 115 0 
59 15 0 
59 16 360 
59 17 1035 
59 18 1185 
59 19 960 
59 20 870 
59 21 825 
59 22 780 
59 23 2120 
59 24 2840 
59 25 2975 
59 26 3065 
59 27 3110 
59 28 3620 
59 29 2720 
59 30 2450 
59 31 3405 
59 32 3945 
59 33 3855 
59 34 4860 
59 35 4770 
59 36 5670 
59 37 5760 
59 38 5895 
59 39 6030 
59 40 6075 
59 41 6255 
59 42 6345 
59 43 7035 
59 44 6810 
59 45 6405 
59 46 6315 
59 47 6225 
59 48 6855 
59 49 7725 
59 50 7680 
59 60 330 
59 61 560 
59 62 1080 
59 63 1280 
59 64 1800 
59 65 2030 
59 66 2360 
59 67 3180 
59 68 3630 
59 69 4440 
59 70 4770 
59 71 5580 
59 72 5910 
59 73 6720 
59 74 7050 
59 87 330 
59 88 690 
59 89 1365 
59 90 855 
59 91 630 
59 92 540 
59 93 495 
59 94 450 
59 95 3170 
59 96 3305 
59 97 3395 
59 98 3440 
59 99 3290 
59 100 2390 
59 101 3495 
59 102 4530 
59 103 4440 
59 104 6000 
59 105 6090 
59 106 6360 
59 107 6585 
59 108 6675 
59 109 6705 
59 110 6480 
59 111 5985 
59 112 7185 
59 113 7395 
59 114 7350 
59 115 330 
60 23 1790 
60 24 2510 
60 25 2645 
60 26 2735 
60 27 2780 
60 28 3290 
60 29 2390 
60 30 2120 
60 31 3075 
60 32 3615 
60 33 3525 
60 34 4530 
60 35 4440 
60 36 5340 
60 37 5430 
60 38 5565 
60 39 5700 
60 40 5745 
60 41 5925 
60 42 6015 
60 43 6705 
60 44 6480 
60 45 6075 
60 46 5985 
60 47 5895 
60 48 6525 
60 49 7395 
60 50 7350 
60 61 230 
60 62 750 
60 63 950 
60 64 1470 
60 65 1700 
60 66 2030 
60 67 2850 
60 68 3300 
60 69 4110 
60 70 4440 
60 71 5250 
60 72 5580 
60 73 6390 
60 74 6720 
60 95 2840 
60 96 2975 
60 97 3065 
60 98 3110 
60 99 2960 
60 100 2060 
60 101 3165 
60 102 4200 
60 103 4110 
60 104 5670 
60 105 5760 
60 106 6030 
60 107 6255 
60 108 6345 
60 109 6375 
60 110 6150 
60 111 5655 
60 112 6855 
60 113 7065 
60 114 7020 
60 115 0 
61 23 1560 
61 24 2280 
61 25 2415 
61 26 2505 
61 27 2550 
61 28 3060 
61 29 2160 
61 30 1890 
61 31 2845 
61 32 3385 
61 33 3295 
61 34 4300 
61 35 4210 
61 36 5110 
61 37 5200 
61 38 5335 
61 39 5470 
61 40 5515 
61 41 5695 
61 42 5785 
61 43 6475 
61 44 6250 
61 45 5845 
61 46 5755 
61 47 5665 
61 48 6295 
61 49 7165 
61 50 7120 
61 62 520 
61 63 720 
61 64 1240 
61 65 1470 
61 66 1800 
61 67 2620 
61 68 3070 
61 69 3880 
61 70 4210 
61 71 5020 
61 72 5350 
61 73 6160 
61 74 6490 
61 95 2610 
61 96 2745 
61 97 2835 
61 98 2880 
61 99 2730 
61 100 1830 
61 101 2935 
61 102 3970 
61 103 3880 
61 104 5440 
61 105 5530 
61 106 5800 
61 107 6025 
61 108 6115 
61 109 6145 
61 110 5920 
61 111 5425 
61 112 6625 
61 113 6835 
61 114 6790 
61 115 520 
62 23 1040 
62 24 1760 
62 25 1895 
62 26 1985 
62 27 2030 
62 28 2540 
62 29 1640 
62 30 1370 
62 31 2325 
62 32 2865 
62 33 2775 
62 34 3780 
62 35 3690 
62 36 4590 
62 37 4680 
62 38 4815 
62 39 4950 
62 40 4995 
62 41 5175 
62 42 5265 
62 43 5955 
62 44 5730 
62 45 5325 
62 46 5235 
62 47 5145 
62 48 5775 
62 49 6645 
62 50 6600 
62 63 200 
62 64 720 
62 65 950 
62 66 1280 
62 67 2100 
62 68 2550 
62 69 3360 
62 70 3690 
62 71 4500 
62 72 4830 
62 73 5640 
62 74 5970 
62 95 2090 
62 96 2225 
62 97 2315 
62 98 2360 
62 99 2210 
62 100 1310 
62 101 2415 
62 102 3450 
62 103 3360 
62 104 4920 
62 105 5010 
62 106 5280 
62 107 5505 
62 108 5595 
62 109 5625 
62 110 5400 
62 111 4905 
62 112 6105 
62 113 6315 
62 114 6270 
62 115 0 
63 23 840 
63 24 1560 
63 25 1695 
63 26 1785 
63 27 1830 
63 28 2340 
63 29 1440 
63 30 1170 
63 31 2125 
63 32 2665 
63 33 2575 
63 34 3580 
63 35 3490 
63 36 4390 
63 37 4480 
63 38 4615 
63 39 4750 
63 40 4795 
63 41 4975 
63 42 5065 
63 43 5755 
63 44 5530 
63 45 5125 
63 46 5035 
63 47 4945 
63 48 5575 
63 49 6445 
63 50 6400 
63 64 520 
63 65 750 
63 66 1080 
63 67 1900 
63 68 2350 
63 69 3160 
63 70 3490 
63 71 4300 
63 72 4630 
63 73 5440 
63 74 5770 
63 95 1890 
63 96 2025 
63 97 2115 
63 98 2160 
63 99 2010 
63 100 1110 
63 101 2215 
63 102 3250 
63 103 3160 
63 104 4720 
63 105 4810 
63 106 5080 
63 107 5305 
63 108 5395 
63 109 5425 
63 110 5200 
63 111 4705 
63 112 5905 
63 113 6115 
63 114 6070 
63 115 520 
64 23 320 
64 24 1040 
64 25 1175 
64 26 1265 
64 27 1310 
64 28 1820 
64 29 920 
64 30 650 
64 31 1605 
64 32 2145 
64 33 2055 
64 34 3060 
64 35 2970 
64 36 3870 
64 37 3960 
64 38 4095 
64 39 4230 
64 40 4275 
64 41 4455 
64 42 4545 
64 43 5235 
64 44 5010 
64 45 4605 
64 46 4515 
64 47 4425 
64 48 5055 
64 49 5925 
64 50 5880 
64 65 230 
64 66 560 
64 67 1380 
64 68 1830 
64 69 2640 
64 70 2970 
64 71 3780 
64 72 4110 
64 73 4920 
64 74 5250 
64 95 1370 
64 96 1505 
64 97 1595 
64 98 1640 
64 99 1490 
64 100 590 
64 101 1695 
64 102 2730 
64 103 2640 
64 104 4200 
64 105 4290 
64 106 4560 
64 107 4785 
64 108 4875 
64 109 4905 
64 110 4680 
64 111 4185 
64 112 5385 
64 113 5595 
64 114 5550 
64 115 0 
65 23 90 
65 24 810 
65 25 945 
65 26 1035 
65 27 1080 
65 28 1590 
65 29 690 
65 30 420 
65 31 1375 
65 32 1915 
65 33 1825 
65 34 2830 
65 35 2740 
65 36 3640 
65 37 3730 
65 38 3865 
65 39 4000 
65 40 4045 
65 41 4225 
65 42 4315 
65 43 5005 
65 44 4780 
65 45 4375 
65 46 4285 
65 47 4195 
65 48 4825 
65 49 5695 
65 50 5650 
65 66 330 
65 67 1150 
65 68 1600 
65 69 2410 
65 70 2740 
65 71 3550 
65 72 3880 
65 73 4690 
65 74 5020 
65 95 1140 
65 96 1275 
65 97 1365 
65 98 1410 
65 99 1260 
65 100 360 
65 101 1465 
65 102 2500 
65 103 2410 
65 104 3970 
65 105 4060 
65 106 4330 
65 107 4555 
65 108 4645 
65 109 4675 
65 110 4450 
65 111 3955 
65 112 5155 
65 113 5365 
65 114 5320 
65 115 330 
66 31 1045 
66 32 1585 
66 33 1495 
66 34 2500 
66 35 2410 
66 36 3310 
66 37 3400 
66 38 3535 
66 39 3670 
66 40 3715 
66 41 3895 
66 42 3985 
66 43 4675 
66 44 4450 
66 45 4045 
66 46 3955 
66 47 3865 
66 48 4495 
66 49 5365 
66 50 5320 
66 67 820 
66 68 1270 
66 69 2080 
66 70 2410 
66 71 3220 
66 72 3550 
66 73 4360 
66 74 4690 
66 101 1135 
66 102 2170 
66 103 2080 
66 104 3640 
66 105 3730 
66 106 4000 
66 107 4225 
66 108 4315 
66 109 4345 
66 110 4120 
66 111 3625 
66 112 4825 
66 113 5035 
66 114 4990 
66 115 0 
67 31 225 
67 32 765 
67 33 675 
67 34 1680 
67 35 1590 
67 36 2490 
67 37 2580 
67 38 2715 
67 39 2850 
67 40 2895 
67 41 3075 
67 42 3165 
67 43 3855 
67 44 3630 
67 45 3225 
67 46 3135 
67 47 3045 
67 48 3675 
67 49 4545 
67 50 4500 
67 68 450 
67 69 1260 
67 70 1590 
67 71 2400 
67 72 2730 
67 73 3540 
67 74 3870 
67 101 315 
67 102 1350 
67 103 1260 
67 104 2820 
67 105 2910 
67 106 3180 
67 107 3405 
67 108 3495 
67 109 3525 
67 110 3300 
67 111 2805 
67 112 4005 
67 113 4215 
67 114 4170 
67 115 450 
68 34 1230 
68 35 1140 
68 36 2040 
68 37 2130 
68 38 2265 
68 39 2400 
68 40 2445 
68 41 2625 
68 42 2715 
68 43 3405 
68 44 3180 
68 45 2775 
68 46 2685 
68 47 2595 
68 48 3225 
68 49 4095 
68 50 4050 
68 69 810 
68 70 1140 
68 71 1950 
68 72 2280 
68 73 3090 
68 74 3420 
68 102 900 
68 103 810 
68 104 2370 
68 105 2460 
68 106 2730 
68 107 2955 
68 108 3045 
68 109 3075 
68 110 2850 
68 111 2355 
68 112 3555 
68 113 3765 
68 114 3720 
68 115 0 
69 34 420 
69 35 330 
69 36 1230 
69 37 1320 
69 38 1455 
69 39 1590 
69 40 1635 
69 41 1815 
69 42 1905 
69 43 2595 
69 44 2370 
69 45 1965 
69 46 1875 
69 47 1785 
69 48 2415 
69 49 3285 
69 50 3240 
69 70 330 
69 71 1140 
69 72 1470 
69 73 2280 
69 74 2610 
69 102 90 
69 103 0 
69 104 1560 
69 105 1650 
69 106 1920 
69 107 2145 
69 108 2235 
69 109 2265 
69 110 2040 
69 111 1545 
69 112 2745 
69 113 2955 
69 114 2910 
69 115 330 
70 36 900 
70 37 990 
70 38 1125 
70 39 1260 
70 40 1305 
70 41 1485 
70 42 1575 
70 43 2265 
70 44 2040 
70 45 1635 
70 46 1545 
70 47 1455 
70 48 2085 
70 49 2955 
70 50 2910 
70 71 810 
70 72 1140 
70 73 1950 
70 74 2280 
70 104 1230 
70 105 1320 
70 106 1590 
70 107 1815 
70 108 1905 
70 109 1935 
70 110 1710 
70 111 1215 
70 112 2415 
70 113 2625 
70 114 2580 
70 115 0 
71 36 90 
71 37 180 
71 38 315 
71 39 450 
71 40 495 
71 41 675 
71 42 765 
71 43 1455 
71 44 1230 
71 45 825 
71 46 735 
71 47 645 
71 48 1275 
71 49 2145 
71 50 2100 
71 72 330 
71 73 1140 
71 74 1470 
71 104 420 
71 105 510 
71 106 780 
71 107 1005 
71 108 1095 
71 109 1125 
71 110 900 
71 111 405 
71 112 1605 
71 113 1815 
71 114 1770 
71 115 330 
72 48 945 
72 49 1815 
72 50 1770 
72 73 810 
72 74 1140 
72 112 1275 
72 113 1485 
72 114 1440 
72 115 0 
73 48 135 
73 49 1005 
73 50 960 
73 74 330 
73 112 465 
73 113 675 
73 114 630 
73 115 330 
74 115 0 
75 4 180 
75 5 1170 
75 6 2265 
75 7 2040 
75 8 1995 
75 9 1725 
75 10 1590 
75 11 1500 
75 12 2715 
75 13 2985 
75 14 3490 
75 15 3410 
75 16 3770 
75 17 4445 
75 18 4595 
75 19 4370 
75 20 4280 
75 21 4235 
75 22 4190 
75 23 5530 
75 24 6250 
75 25 6385 
75 26 6475 
75 27 6520 
75 28 7030 
75 29 6130 
75 30 5860 
75 31 6815 
75 32 7355 
75 33 7265 
75 34 8270 
75 35 8180 
75 36 9080 
75 37 9170 
75 38 9305 
75 39 9440 
75 40 9485 
75 41 9665 
75 42 9755 
75 43 10445 
75 44 10220 
75 45 9815 
75 46 9725 
75 47 9635 
75 48 10265 
75 49 11135 
75 50 11090 
75 54 180 
75 55 990 
75 56 1320 
75 57 2130 
75 58 2590 
75 59 3410 
75 60 3740 
75 61 3970 
75 62 4490 
75 63 4690 
75 64 5210 
75 65 5440 
75 66 5770 
75 67 6590 
75 68 7040 
75 69 7850 
75 70 8180 
75 71 8990 
75 72 9320 
75 73 10130 
75 74 10460 
75 79 1935 
75 80 1710 
75 81 1665 
75 82 1395 
75 83 1260 
75 84 3175 
75 85 3445 
75 86 3030 
75 87 3740 
75 88 4100 
75 89 4775 
75 90 4265 
75 91 4040 
75 92 3950 
75 93 3905 
75 94 3860 
75 95 6580 
75 96 6715 
75 97 6805 
75 98 6850 
75 99 6700 
75 100 5800 
75 101 6905 
75 102 7940 
75 103 7850 
75 104 9410 
75 105 9500 
75 106 9770 
75 107 9995 
75 108 10085 
75 109 10115 
75 110 9890 
75 111 9395 
75 112 10595 
75 113 10805 
75 114 10760 
75 115 180 
76 2 330 
76 3 510 
76 4 825 
76 5 1815 
76 6 2910 
76 7 2685 
76 8 2640 
76 9 2370 
76 10 2235 
76 11 2145 
76 12 3360 
76 13 3630 
76 14 4135 
76 15 4055 
76 16 4415 
76 17 5090 
76 18 5240 
76 19 5015 
76 20 4925 
76 21 4880 
76 22 4835 
76 23 6175 
76 24 6895 
76 25 7030 
76 26 7120 
76 27 7165 
76 28 7675 
76 29 6775 
76 30 6505 
76 31 7460 
76 32 8000 
76 33 7910 
76 34 8915 
76 35 8825 
76 36 9725 
76 37 9815 
76 38 9950 
76 39 10085 
76 40 10130 
76 41 10310 
76 42 10400 
76 43 11090 
76 44 10865 
76 45 10460 
76 46 10370 
76 47 10280 
76 48 10910 
76 49 11780 
76 50 11735 
76 54 825 
76 55 1635 
76 56 1965 
76 57 2775 
76 58 3235 
76 59 4055 
76 60 4385 
76 61 4615 
76 62 5135 
76 63 5335 
76 64 5855 
76 65 6085 
76 66 6415 
76 67 7235 
76 68 7685 
76 69 8495 
76 70 8825 
76 71 9635 
76 72 9965 
76 73 10775 
76 74 11105 
76 75 645 
76 79 2580 
76 80 2355 
76 81 2310 
76 82 2040 
76 83 1905 
76 84 3820 
76 85 4090 
76 86 3675 
76 87 4385 
76 88 4745 
76 89 5420 
76 90 4910 
76 91 4685 
76 92 4595 
76 93 4550 
76 94 4505 
76 95 7225 
76 96 7360 
76 97 7450 
76 98 7495 
76 99 7345 
76 100 6445 
76 101 7550 
76 102 8585 
76 103 8495 
76 104 10055 
76 105 10145 
76 106 10415 
76 107 10640 
76 108 10730 
76 109 10760 
76 110 10535 
76 111 10040 
76 112 11240 
76 113 11450 
76 114 11405 
76 115 825 
77 2 510 
77 3 330 
77 4 645 
77 5 1635 
77 6 2730 
77 7 2505 
77 8 2460 
77 9 2190 
77 10 2055 
77 11 1965 
77 12 3180 
77 13 3450 
77 14 3955 
77 15 3875 
77 16 4235 
77 17 4910 
77 18 5060 
77 19 4835 
77 20 4745 
77 21 4700 
77 22 4655 
77 23 5995 
77 24 6715 
77 25 6850 
77 26 6940 
77 27 6985 
77 28 7495 
77 29 6595 
77 30 6325 
77 31 7280 
77 32 7820 
77 33 7730 
77 34 8735 
77 35 8645 
77 36 9545 
77 37 9635 
77 38 9770 
77 39 9905 
77 40 9950 
77 41 10130 
77 42 10220 
77 43 10910 
77 44 10685 
77 45 10280 
77 46 10190 
77 47 10100 
77 48 10730 
77 49 11600 
77 50 11555 
77 54 645 
77 55 1455 
77 56 1785 
77 57 2595 
77 58 3055 
77 59 3875 
77 60 4205 
77 61 4435 
77 62 4955 
77 63 5155 
77 64 5675 
77 65 5905 
77 66 6235 
77 67 7055 
77 68 7505 
77 69 8315 
77 70 8645 
77 71 9455 
77 72 9785 
77 73 10595 
77 74 10925 
77 75 465 
77 76 180 
77 79 2400 
77 80 2175 
77 81 2130 
77 82 1860 
77 83 1725 
77 84 3640 
77 85 3910 
77 86 3495 
77 87 4205 
77 88 4565 
77 89 5240 
77 90 4730 
77 91 4505 
77 92 4415 
77 93 4370 
77 94 4325 
77 95 7045 
77 96 7180 
77 97 7270 
77 98 7315 
77 99 7165 
77 100 6265 
77 101 7370 
77 102 8405 
77 103 8315 
77 104 9875 
77 105 9965 
77 106 10235 
77 107 10460 
77 108 10550 
77 109 10580 
77 110 10355 
77 111 9860 
77 112 11060 
77 113 11270 
77 114 11225 
77 115 645 
78 1 180 
78 2 825 
78 3 645 
78 4 330 
78 5 1320 
78 6 2415 
78 7 2190 
78 8 2145 
78 9 1875 
78 10 1740 
78 11 1650 
78 12 2865 
78 13 3135 
78 14 3640 
78 15 3560 
78 16 3920 
78 17 4595 
78 18 4745 
78 19 4520 
78 20 4430 
78 21 4385 
78 22 4340 
78 23 5680 
78 24 6400 
78 25 6535 
78 26 6625 
78 27 6670 
78 28 7180 
78 29 6280 
78 30 6010 
78 31 6965 
78 32 7505 
78 33 7415 
78 34 8420 
78 35 8330 
78 36 9230 
78 37 9320 
78 38 9455 
78 39 9590 
78 40 9635 
78 41 9815 
78 42 9905 
78 43 10595 
78 44 10370 
78 45 9965 
78 46 9875 
78 47 9785 
78 48 10415 
78 49 11285 
78 50 11240 
78 54 330 
78 55 1140 
78 56 1470 
78 57 2280 
78 58 2740 
78 59 3560 
78 60 3890 
78 61 4120 
78 62 4640 
78 63 4840 
78 64 5360 
78 65 5590 
78 66 5920 
78 67 6740 
78 68 7190 
78 69 8000 
78 70 8330 
78 71 9140 
78 72 9470 
78 73 10280 
78 74 10610 
78 75 510 
78 76 495 
78 77 315 
78 79 2085 
78 80 1860 
78 81 1815 
78 82 1545 
78 83 1410 
78 84 3325 
78 85 3595 
78 86 3180 
78 87 3890 
78 88 4250 
78 89 4925 
78 90 4415 
78 91 4190 
78 92 4100 
78 93 4055 
78 94 4010 
78 95 6730 
78 96 6865 
78 97 6955 
78 98 7000 
78 99 6850 
78 100 5950 
78 101 7055 
78 102 8090 
78 103 8000 
78 104 9560 
78 105 9650 
78 106 9920 
78 107 10145 
78 108 10235 
78 109 10265 
78 110 10040 
78 111 9545 
78 112 10745 
78 113 10955 
78 114 10910 
78 115 330 
79 6 330 
79 7 555 
79 8 600 
79 9 870 
79 10 1005 
79 11 1095 
79 12 2670 
79 13 2940 
79 14 3445 
79 15 3365 
79 16 3725 
79 17 4400 
79 18 4550 
79 19 4325 
79 20 4235 
79 21 4190 
79 22 4145 
79 23 5485 
79 24 6205 
79 25 6340 
79 26 6430 
79 27 6475 
79 28 6985 
79 29 6085 
79 30 5815 
79 31 6770 
79 32 7310 
79 33 7220 
79 34 8225 
79 35 8135 
79 36 9035 
79 37 9125 
79 38 9260 
79 39 9395 
79 40 9440 
79 41 9620 
79 42 9710 
79 43 10400 
79 44 10175 
79 45 9770 
79 46 9680 
79 47 9590 
79 48 10220 
79 49 11090 
79 50 11045 
79 56 1275 
79 57 2085 
79 58 2545 
79 59 3365 
79 60 3695 
79 61 3925 
79 62 4445 
79 63 4645 
79 64 5165 
79 65 5395 
79 66 5725 
79 67 6545 
79 68 6995 
79 69 7805 
79 70 8135 
79 71 8945 
79 72 9275 
79 73 10085 
79 74 10415 
79 84 3130 
79 85 3400 
79 86 2985 
79 87 3695 
79 88 4055 
79 89 4730 
79 90 4220 
79 91 3995 
79 92 3905 
79 93 3860 
79 94 3815 
79 95 6535 
79 96 6670 
79 97 6760 
79 98 6805 
79 99 6655 
79 100 5755 
79 101 6860 
79 102 7895 
79 103 7805 
79 104 9365 
79 105 9455 
79 106 9725 
79 107 9950 
79 108 10040 
79 109 10070 
79 110 9845 
79 111 9350 
79 112 10550 
79 113 10760 
79 114 10715 
79 115 1275 
80 6 555 
80 7 330 
80 8 375 
80 9 645 
80 10 780 
80 11 870 
80 12 2445 
80 13 2715 
80 14 3220 
80 15 3140 
80 16 3500 
80 17 4175 
80 18 4325 
80 19 4100 
80 20 4010 
80 21 3965 
80 22 3920 
80 23 5260 
80 24 5980 
80 25 6115 
80 26 6205 
80 27 6250 
80 28 6760 
80 29 5860 
80 30 5590 
80 31 6545 
80 32 7085 
80 33 6995 
80 34 8000 
80 35 7910 
80 36 8810 
80 37 8900 
80 38 9035 
80 39 9170 
80 40 9215 
80 41 9395 
80 42 9485 
80 43 10175 
80 44 9950 
80 45 9545 
80 46 9455 
80 47 9365 
80 48 9995 
80 49 10865 
80 50 10820 
80 56 1050 
80 57 1860 
80 58 2320 
80 59 3140 
80 60 3470 
80 61 3700 
80 62 4220 
80 63 4420 
80 64 4940 
80 65 5170 
80 66 5500 
80 67 6320 
80 68 6770 
80 69 7580 
80 70 7910 
80 71 8720 
80 72 9050 
80 73 9860 
80 74 10190 
80 79 225 
80 84 2905 
80 85 3175 
80 86 2760 
80 87 3470 
80 88 3830 
80 89 4505 
80 90 3995 
80 91 3770 
80 92 3680 
80 93 3635 
80 94 3590 
80 95 6310 
80 96 6445 
80 97 6535 
80 98 6580 
80 99 6430 
80 100 5530 
80 101 6635 
80 102 7670 
80 103 7580 
80 104 9140 
80 105 9230 
80 106 9500 
80 107 9725 
80 108 9815 
80 109 9845 
80 110 9620 
80 111 9125 
80 112 10325 
80 113 10535 
80 114 10490 
80 115 1050 
81 6 600 
81 7 375 
81 8 330 
81 9 600 
81 10 735 
81 11 825 
81 12 2400 
81 13 2670 
81 14 3175 
81 15 3095 
81 16 3455 
81 17 4130 
81 18 4280 
81 19 4055 
81 20 3965 
81 21 3920 
81 22 3875 
81 23 5215 
81 24 5935 
81 25 6070 
81 26 6160 
81 27 6205 
81 28 6715 
81 29 5815 
81 30 5545 
81 31 6500 
81 32 7040 
81 33 6950 
81 34 7955 
81 35 7865 
81 36 8765 
81 37 8855 
81 38 8990 
81 39 9125 
81 40 9170 
81 41 9350 
81 42 9440 
81 43 10130 
81 44 9905 
81 45 9500 
81 46 9410 
81 47 9320 
81 48 9950 
81 49 10820 
81 50 10775 
81 56 1005 
81 57 1815 
81 58 2275 
81 59 3095 
81 60 3425 
81 61 3655 
81 62 4175 
81 63 4375 
81 64 4895 
81 65 5125 
81 66 5455 
81 67 6275 
81 68 6725 
81 69 7535 
81 70 7865 
81 71 8675 
81 72 9005 
81 73 9815 
81 74 10145 
81 79 270 
81 80 45 
81 84 2860 
81 85 3130 
81 86 2715 
81 87 3425 
81 88 3785 
81 89 4460 
81 90 3950 
81 91 3725 
81 92 3635 
81 93 3590 
81 94 3545 
81 95 6265 
81 96 6400 
81 97 6490 
81 98 6535 
81 99 6385 
81 100 5485 
81 101 6590 
81 102 7625 
81 103 7535 
81 104 9095 
81 105 9185 
81 106 9455 
81 107 9680 
81 108 9770 
81 109 9800 
81 110 9575 
81 111 9080 
81 112 10280 
81 113 10490 
81 114 10445 
81 115 1005 
82 6 870 
82 7 645 
82 8 600 
82 9 330 
82 10 465 
82 11 555 
82 12 2130 
82 13 2400 
82 14 2905 
82 15 2825 
82 16 3185 
82 17 3860 
82 18 4010 
82 19 3785 
82 20 3695 
82 21 3650 
82 22 3605 
82 23 4945 
82 24 5665 
82 25 5800 
82 26 5890 
82 27 5935 
82 28 6445 
82 29 5545 
82 30 5275 
82 31 6230 
82 32 6770 
82 33 6680 
82 34 7685 
82 35 7595 
82 36 8495 
82 37 8585 
82 38 8720 
82 39 8855 
82 40 8900 
82 41 9080 
82 42 9170 
82 43 9860 
82 44 9635 
82 45 9230 
82 46 9140 
82 47 9050 
82 48 9680 
82 49 10550 
82 50 10505 
82 56 735 
82 57 1545 
82 58 2005 
82 59 2825 
82 60 3155 
82 61 3385 
82 62 3905 
82 63 4105 
82 64 4625 
82 65 4855 
82 66 5185 
82 67 6005 
82 68 6455 
82 69 7265 
82 70 7595 
82 71 8405 
82 72 8735 
82 73 9545 
82 74 9875 
82 79 540 
82 80 315 
82 81 270 
82 84 2590 
82 85 2860 
82 86 2445 
82 87 3155 
82 88 3515 
82 89 4190 
82 90 3680 
82 91 3455 
82 92 3365 
82 93 3320 
82 94 3275 
82 95 5995 
82 96 6130 
82 97 6220 
82 98 6265 
82 99 6115 
82 100 5215 
82 101 6320 
82 102 7355 
82 103 7265 
82 104 8825 
82 105 8915 
82 106 9185 
82 107 9410 
82 108 9500 
82 109 9530 
82 110 9305 
82 111 8810 
82 112 10010 
82 113 10220 
82 114 10175 
82 115 735 
83 6 1005 
83 7 780 
83 8 735 
83 9 465 
83 10 330 
83 11 420 
83 12 1995 
83 13 2265 
83 14 2770 
83 15 2690 
83 16 3050 
83 17 3725 
83 18 3875 
83 19 3650 
83 20 3560 
83 21 3515 
83 22 3470 
83 23 4810 
83 24 5530 
83 25 5665 
83 26 5755 
83 27 5800 
83 28 6310 
83 29 5410 
83 30 5140 
83 31 6095 
83 32 6635 
83 33 6545 
83 34 7550 
83 35 7460 
83 36 8360 
83 37 8450 
83 38 8585 
83 39 8720 
83 40 8765 
83 41 8945 
83 42 9035 
83 43 9725 
83 44 9500 
83 45 9095 
83 46 9005 
83 47 8915 
83 48 9545 
83 49 10415 
83 50 10370 
83 56 600 
83 57 1410 
83 58 1870 
83 59 2690 
83 60 3020 
83 61 3250 
83 62 3770 
83 63 3970 
83 64 4490 
83 65 4720 
83 66 5050 
83 67 5870 
83 68 6320 
83 69 7130 
83 70 7460 
83 71 8270 
83 72 8600 
83 73 9410 
83 74 9740 
83 79 675 
83 80 450 
83 81 405 
83 82 135 
83 84 2455 
83 85 2725 
83 86 2310 
83 87 3020 
83 88 3380 
83 89 4055 
83 90 3545 
83 91 3320 
83 92 3230 
83 93 3185 
83 94 3140 
83 95 5860 
83 96 5995 
83 97 6085 
83 98 6130 
83 99 5980 
83 100 5080 
83 101 6185 
83 102 7220 
83 103 7130 
83 104 8690 
83 105 8780 
83 106 9050 
83 107 9275 
83 108 9365 
83 109 9395 
83 110 9170 
83 111 8675 
83 112 9875 
83 113 10085 
83 114 10040 
83 115 600 
84 15 1405 
84 16 1765 
84 17 2440 
84 18 2590 
84 19 2365 
84 20 2275 
84 21 2230 
84 22 2185 
84 23 3525 
84 24 4245 
84 25 4380 
84 26 4470 
84 27 4515 
84 28 5025 
84 29 4125 
84 30 3855 
84 31 4810 
84 32 5350 
84 33 5260 
84 34 6265 
84 35 6175 
84 36 7075 
84 37 7165 
84 38 7300 
84 39 7435 
84 40 7480 
84 41 7660 
84 42 7750 
84 43 8440 
84 44 8215 
84 45 7810 
84 46 7720 
84 47 7630 
84 48 8260 
84 49 9130 
84 50 9085 
84 58 585 
84 59 1405 
84 60 1735 
84 61 1965 
84 62 2485 
84 63 2685 
84 64 3205 
84 65 3435 
84 66 3765 
84 67 4585 
84 68 5035 
84 69 5845 
84 70 6175 
84 71 6985 
84 72 7315 
84 73 8125 
84 74 8455 
84 87 1735 
84 88 2095 
84 89 2770 
84 90 2260 
84 91 2035 
84 92 1945 
84 93 1900 
84 94 1855 
84 95 4575 
84 96 4710 
84 97 4800 
84 98 4845 
84 99 4695 
84 100 3795 
84 101 4900 
84 102 5935 
84 103 5845 
84 104 7405 
84 105 7495 
84 106 7765 
84 107 7990 
84 108 8080 
84 109 8110 
84 110 7885 
84 111 7390 
84 112 8590 
84 113 8800 
84 114 8755 
84 115 585 
85 15 1675 
85 16 2035 
85 17 2710 
85 18 2860 
85 19 2635 
85 20 2545 
85 21 2500 
85 22 2455 
85 23 3795 
85 24 4515 
85 25 4650 
85 26 4740 
85 27 4785 
85 28 5295 
85 29 4395 
85 30 4125 
85 31 5080 
85 32 5620 
85 33 5530 
85 34 6535 
85 35 6445 
85 36 7345 
85 37 7435 
85 38 7570 
85 39 7705 
85 40 7750 
85 41 7930 
85 42 8020 
85 43 8710 
85 44 8485 
85 45 8080 
85 46 7990 
85 47 7900 
85 48 8530 
85 49 9400 
85 50 9355 
85 58 855 
85 59 1675 
85 60 2005 
85 61 2235 
85 62 2755 
85 63 2955 
85 64 3475 
85 65 3705 
85 66 4035 
85 67 4855 
85 68 5305 
85 69 6115 
85 70 6445 
85 71 7255 
85 72 7585 
85 73 8395 
85 74 8725 
85 84 270 
85 87 2005 
85 88 2365 
85 89 3040 
85 90 2530 
85 91 2305 
85 92 2215 
85 93 2170 
85 94 2125 
85 95 4845 
85 96 4980 
85 97 5070 
85 98 5115 
85 99 4965 
85 100 4065 
85 101 5170 
85 102 6205 
85 103 6115 
85 104 7675 
85 105 7765 
85 106 8035 
85 107 8260 
85 108 8350 
85 109 8380 
85 110 8155 
85 111 7660 
85 112 8860 
85 113 9070 
85 114 9025 
85 115 855 
86 14 460 
86 15 2180 
86 16 2540 
86 17 3215 
86 18 3365 
86 19 3140 
86 20 3050 
86 21 3005 
86 22 2960 
86 23 4300 
86 24 5020 
86 25 5155 
86 26 5245 
86 27 5290 
86 28 5800 
86 29 4900 
86 30 4630 
86 31 5585 
86 32 6125 
86 33 6035 
86 34 7040 
86 35 6950 
86 36 7850 
86 37 7940 
86 38 8075 
86 39 8210 
86 40 8255 
86 41 8435 
86 42 8525 
86 43 9215 
86 44 8990 
86 45 8585 
86 46 8495 
86 47 8405 
86 48 9035 
86 49 9905 
86 50 9860 
86 58 1360 
86 59 2180 
86 60 2510 
86 61 2740 
86 62 3260 
86 63 3460 
86 64 3980 
86 65 4210 
86 66 4540 
86 67 5360 
86 68 5810 
86 69 6620 
86 70 6950 
86 71 7760 
86 72 8090 
86 73 8900 
86 74 9230 
86 84 775 
86 85 505 
86 87 2510 
86 88 2870 
86 89 3545 
86 90 3035 
86 91 2810 
86 92 2720 
86 93 2675 
86 94 2630 
86 95 5350 
86 96 5485 
86 97 5575 
86 98 5620 
86 99 5470 
86 100 4570 
86 101 5675 
86 102 6710 
86 103 6620 
86 104 8180 
86 105 8270 
86 106 8540 
86 107 8765 
86 108 8855 
86 109 8885 
86 110 8660 
86 111 8165 
86 112 9365 
86 113 9575 
86 114 9530 
86 115 1360 
87 23 1790 
87 24 2510 
87 25 2645 
87 26 2735 
87 27 2780 
87 28 3290 
87 29 2390 
87 30 2120 
87 31 3075 
87 32 3615 
87 33 3525 
87 34 4530 
87 35 4440 
87 36 5340 
87 37 5430 
87 38 5565 
87 39 5700 
87 40 5745 
87 41 5925 
87 42 6015 
87 43 6705 
87 44 6480 
87 45 6075 
87 46 5985 
87 47 5895 
87 48 6525 
87 49 7395 
87 50 7350 
87 60 0 
87 61 230 
87 62 750 
87 63 950 
87 64 1470 
87 65 1700 
87 66 2030 
87 67 2850 
87 68 3300 
87 69 4110 
87 70 4440 
87 71 5250 
87 72 5580 
87 73 6390 
87 74 6720 
87 95 2840 
87 96 2975 
87 97 3065 
87 98 3110 
87 99 2960 
87 100 2060 
87 101 3165 
87 102 4200 
87 103 4110 
87 104 5670 
87 105 5760 
87 106 6030 
87 107 6255 
87 108 6345 
87 109 6375 
87 110 6150 
87 111 5655 
87 112 6855 
87 113 7065 
87 114 7020 
87 115 0 
88 23 2150 
88 24 2870 
88 25 3005 
88 26 3095 
88 27 3140 
88 28 3650 
88 29 2750 
88 30 2480 
88 31 3435 
88 32 3975 
88 33 3885 
88 34 4890 
88 35 4800 
88 36 5700 
88 37 5790 
88 38 5925 
88 39 6060 
88 40 6105 
88 41 6285 
88 42 6375 
88 43 7065 
88 44 6840 
88 45 6435 
88 46 6345 
88 47 6255 
88 48 6885 
88 49 7755 
88 50 7710 
88 60 360 
88 61 590 
88 62 1110 
88 63 1310 
88 64 1830 
88 65 2060 
88 66 2390 
88 67 3210 
88 68 3660 
88 69 4470 
88 70 4800 
88 71 5610 
88 72 5940 
88 73 6750 
88 74 7080 
88 87 360 
88 95 3200 
88 96 3335 
88 97 3425 
88 98 3470 
88 99 3320 
88 100 2420 
88 101 3525 
88 102 4560 
88 103 4470 
88 104 6030 
88 105 6120 
88 106 6390 
88 107 6615 
88 108 6705 
88 109 6735 
88 110 6510 
88 111 6015 
88 112 7215 
88 113 7425 
88 114 7380 
88 115 360 
89 18 180 
89 19 405 
89 20 495 
89 21 540 
89 22 585 
89 23 2825 
89 24 3545 
89 25 3680 
89 26 3770 
89 27 3815 
89 28 4325 
89 29 3425 
89 30 3155 
89 31 4110 
89 32 4650 
89 33 4560 
89 34 5565 
89 35 5475 
89 36 6375 
89 37 6465 
89 38 6600 
89 39 6735 
89 40 6780 
89 41 6960 
89 42 7050 
89 43 7740 
89 44 7515 
89 45 7110 
89 46 7020 
89 47 6930 
89 48 7560 
89 49 8430 
89 50 8385 
89 60 1035 
89 61 1265 
89 62 1785 
89 63 1985 
89 64 2505 
89 65 2735 
89 66 3065 
89 67 3885 
89 68 4335 
89 69 5145 
89 70 5475 
89 71 6285 
89 72 6615 
89 73 7425 
89 74 7755 
89 87 1035 
89 88 675 
89 95 3875 
89 96 4010 
89 97 4100 
89 98 4145 
89 99 3995 
89 100 3095 
89 101 4200 
89 102 5235 
89 103 5145 
89 104 6705 
89 105 6795 
89 106 7065 
89 107 7290 
89 108 7380 
89 109 7410 
89 110 7185 
89 111 6690 
89 112 7890 
89 113 8100 
89 114 8055 
89 115 1035 
90 17 180 
90 18 330 
90 19 555 
90 20 645 
90 21 690 
90 22 735 
90 23 2975 
90 24 3695 
90 25 3830 
90 26 3920 
90 27 3965 
90 28 4475 
90 29 3575 
90 30 3305 
90 31 4260 
90 32 4800 
90 33 4710 
90 34 5715 
90 35 5625 
90 36 6525 
90 37 6615 
90 38 6750 
90 39 6885 
90 40 6930 
90 41 7110 
90 42 7200 
90 43 7890 
90 44 7665 
90 45 7260 
90 46 7170 
90 47 7080 
90 48 7710 
90 49 8580 
90 50 8535 
90 60 1185 
90 61 1415 
90 62 1935 
90 63 2135 
90 64 2655 
90 65 2885 
90 66 3215 
90 67 4035 
90 68 4485 
90 69 5295 
90 70 5625 
90 71 6435 
90 72 6765 
90 73 7575 
90 74 7905 
90 87 1185 
90 88 825 
90 89 510 
90 95 4025 
90 96 4160 
90 97 4250 
90 98 4295 
90 99 4145 
90 100 3245 
90 101 4350 
90 102 5385 
90 103 5295 
90 104 6855 
90 105 6945 
90 106 7215 
90 107 7440 
90 108 7530 
90 109 7560 
90 110 7335 
90 111 6840 
90 112 8040 
90 113 8250 
90 114 8205 
90 115 1185 
91 17 405 
91 18 555 
91 19 330 
91 20 420 
91 21 465 
91 22 510 
91 23 2750 
91 24 3470 
91 25 3605 
91 26 3695 
91 27 3740 
91 28 4250 
91 29 3350 
91 30 3080 
91 31 4035 
91 32 4575 
91 33 4485 
91 34 5490 
91 35 5400 
91 36 6300 
91 37 6390 
91 38 6525 
91 39 6660 
91 40 6705 
91 41 6885 
91 42 6975 
91 43 7665 
91 44 7440 
91 45 7035 
91 46 6945 
91 47 6855 
91 48 7485 
91 49 8355 
91 50 8310 
91 60 960 
91 61 1190 
91 62 1710 
91 63 1910 
91 64 2430 
91 65 2660 
91 66 2990 
91 67 3810 
91 68 4260 
91 69 5070 
91 70 5400 
91 71 6210 
91 72 6540 
91 73 7350 
91 74 7680 
91 87 960 
91 88 600 
91 89 735 
91 90 225 
91 95 3800 
91 96 3935 
91 97 4025 
91 98 4070 
91 99 3920 
91 100 3020 
91 101 4125 
91 102 5160 
91 103 5070 
91 104 6630 
91 105 6720 
91 106 6990 
91 107 7215 
91 108 7305 
91 109 7335 
91 110 7110 
91 111 6615 
91 112 7815 
91 113 8025 
91 114 7980 
91 115 960 
92 17 495 
92 18 645 
92 19 420 
92 20 330 
92 21 375 
92 22 420 
92 23 2660 
92 24 3380 
92 25 3515 
92 26 3605 
92 27 3650 
92 28 4160 
92 29 3260 
92 30 2990 
92 31 3945 
92 32 4485 
92 33 4395 
92 34 5400 
92 35 5310 
92 36 6210 
92 37 6300 
92 38 6435 
92 39 6570 
92 40 6615 
92 41 6795 
92 42 6885 
92 43 7575 
92 44 7350 
92 45 6945 
92 46 6855 
92 47 6765 
92 48 7395 
92 49 8265 
92 50 8220 
92 60 870 
92 61 1100 
92 62 1620 
92 63 1820 
92 64 2340 
92 65 2570 
92 66 2900 
92 67 3720 
92 68 4170 
92 69 4980 
92 70 5310 
92 71 6120 
92 72 6450 
92 73 7260 
92 74 7590 
92 87 870 
92 88 510 
92 89 825 
92 90 315 
92 91 90 
92 95 3710 
92 96 3845 
92 97 3935 
92 98 3980 
92 99 3830 
92 100 2930 
92 101 4035 
92 102 5070 
92 103 4980 
92 104 6540 
92 105 6630 
92 106 6900 
92 107 7125 
92 108 7215 
92 109 7245 
92 110 7020 
92 111 6525 
92 112 7725 
92 113 7935 
92 114 7890 
92 115 870 
93 17 540 
93 18 690 
93 19 465 
93 20 375 
93 21 330 
93 22 375 
93 23 2615 
93 24 3335 
93 25 3470 
93 26 3560 
93 27 3605 
93 28 4115 
93 29 3215 
93 30 2945 
93 31 3900 
93 32 4440 
93 33 4350 
93 34 5355 
93 35 5265 
93 36 6165 
93 37 6255 
93 38 6390 
93 39 6525 
93 40 6570 
93 41 6750 
93 42 6840 
93 43 7530 
93 44 7305 
93 45 6900 
93 46 6810 
93 47 6720 
93 48 7350 
93 49 8220 
93 50 8175 
93 60 825 
93 61 1055 
93 62 1575 
93 63 1775 
93 64 2295 
93 65 2525 
93 66 2855 
93 67 3675 
93 68 4125 
93 69 4935 
93 70 5265 
93 71 6075 
93 72 6405 
93 73 7215 
93 74 7545 
93 87 825 
93 88 465 
93 89 870 
93 90 360 
93 91 135 
93 92 45 
93 95 3665 
93 96 3800 
93 97 3890 
93 98 3935 
93 99 3785 
93 100 2885 
93 101 3990 
93 102 5025 
93 103 4935 
93 104 6495 
93 105 6585 
93 106 6855 
93 107 7080 
93 108 7170 
93 109 7200 
93 110 6975 
93 111 6480 
93 112 7680 
93 113 7890 
93 114 7845 
93 115 825 
94 17 585 
94 18 735 
94 19 510 
94 20 420 
94 21 375 
94 22 330 
94 23 2570 
94 24 3290 
94 25 3425 
94 26 3515 
94 27 3560 
94 28 4070 
94 29 3170 
94 30 2900 
94 31 3855 
94 32 4395 
94 33 4305 
94 34 5310 
94 35 5220 
94 36 6120 
94 37 6210 
94 38 6345 
94 39 6480 
94 40 6525 
94 41 6705 
94 42 6795 
94 43 7485 
94 44 7260 
94 45 6855 
94 46 6765 
94 47 6675 
94 48 7305 
94 49 8175 
94 50 8130 
94 60 780 
94 61 1010 
94 62 1530 
94 63 1730 
94 64 2250 
94 65 2480 
94 66 2810 
94 67 3630 
94 68 4080 
94 69 4890 
94 70 5220 
94 71 6030 
94 72 6360 
94 73 7170 
94 74 7500 
94 87 780 
94 88 420 
94 89 915 
94 90 405 
94 91 180 
94 92 90 
94 93 45 
94 95 3620 
94 96 3755 
94 97 3845 
94 98 3890 
94 99 3740 
94 100 2840 
94 101 3945 
94 102 4980 
94 103 4890 
94 104 6450 
94 105 6540 
94 106 6810 
94 107 7035 
94 108 7125 
94 109 7155 
94 110 6930 
94 111 6435 
94 112 7635 
94 113 7845 
94 114 7800 
94 115 780 
95 29 450 
95 30 720 
95 31 1855 
95 32 2395 
95 33 2305 
95 34 3310 
95 35 3220 
95 36 4120 
95 37 4210 
95 38 4345 
95 39 4480 
95 40 4525 
95 41 4705 
95 42 4795 
95 43 5485 
95 44 5260 
95 45 4855 
95 46 4765 
95 47 4675 
95 48 5305 
95 49 6175 
95 50 6130 
95 66 810 
95 67 1630 
95 68 2080 
95 69 2890 
95 70 3220 
95 71 4030 
95 72 4360 
95 73 5170 
95 74 5500 
95 101 1945 
95 102 2980 
95 103 2890 
95 104 4450 
95 105 4540 
95 106 4810 
95 107 5035 
95 108 5125 
95 109 5155 
95 110 4930 
95 111 4435 
95 112 5635 
95 113 5845 
95 114 5800 
95 115 810 
96 29 585 
96 30 855 
96 31 1990 
96 32 2530 
96 33 2440 
96 34 3445 
96 35 3355 
96 36 4255 
96 37 4345 
96 38 4480 
96 39 4615 
96 40 4660 
96 41 4840 
96 42 4930 
96 43 5620 
96 44 5395 
96 45 4990 
96 46 4900 
96 47 4810 
96 48 5440 
96 49 6310 
96 50 6265 
96 66 945 
96 67 1765 
96 68 2215 
96 69 3025 
96 70 3355 
96 71 4165 
96 72 4495 
96 73 5305 
96 74 5635 
96 95 135 
96 101 2080 
96 102 3115 
96 103 3025 
96 104 4585 
96 105 4675 
96 106 4945 
96 107 5170 
96 108 5260 
96 109 5290 
96 110 5065 
96 111 4570 
96 112 5770 
96 113 5980 
96 114 5935 
96 115 945 
97 29 675 
97 30 945 
97 31 2080 
97 32 2620 
97 33 2530 
97 34 3535 
97 35 3445 
97 36 4345 
97 37 4435 
97 38 4570 
97 39 4705 
97 40 4750 
97 41 4930 
97 42 5020 
97 43 5710 
97 44 5485 
97 45 5080 
97 46 4990 
97 47 4900 
97 48 5530 
97 49 6400 
97 50 6355 
97 66 1035 
97 67 1855 
97 68 2305 
97 69 3115 
97 70 3445 
97 71 4255 
97 72 4585 
97 73 5395 
97 74 5725 
97 95 225 
97 96 90 
97 101 2170 
97 102 3205 
97 103 3115 
97 104 4675 
97 105 4765 
97 106 5035 
97 107 5260 
97 108 5350 
97 109 5380 
97 110 5155 
97 111 4660 
97 112 5860 
97 113 6070 
97 114 6025 
97 115 1035 
98 29 720 
98 30 990 
98 31 2125 
98 32 2665 
98 33 2575 
98 34 3580 
98 35 3490 
98 36 4390 
98 37 4480 
98 38 4615 
98 39 4750 
98 40 4795 
98 41 4975 
98 42 5065 
98 43 5755 
98 44 5530 
98 45 5125 
98 46 5035 
98 47 4945 
98 48 5575 
98 49 6445 
98 50 6400 
98 66 1080 
98 67 1900 
98 68 2350 
98 69 3160 
98 70 3490 
98 71 4300 
98 72 4630 
98 73 5440 
98 74 5770 
98 95 270 
98 96 135 
98 97 45 
98 101 2215 
98 102 3250 
98 103 3160 
98 104 4720 
98 105 4810 
98 106 5080 
98 107 5305 
98 108 5395 
98 109 5425 
98 110 5200 
98 111 4705 
98 112 5905 
98 113 6115 
98 114 6070 
98 115 1080 
99 28 330 
99 29 1230 
99 30 1500 
99 31 2635 
99 32 3175 
99 33 3085 
99 34 4090 
99 35 4000 
99 36 4900 
99 37 4990 
99 38 5125 
99 39 5260 
99 40 5305 
99 41 5485 
99 42 5575 
99 43 6265 
99 44 6040 
99 45 5635 
99 46 5545 
99 47 5455 
99 48 6085 
99 49 6955 
99 50 6910 
99 66 1590 
99 67 2410 
99 68 2860 
99 69 3670 
99 70 4000 
99 71 4810 
99 72 5140 
99 73 5950 
99 74 6280 
99 95 780 
99 96 645 
99 97 555 
99 98 510 
99 101 2725 
99 102 3760 
99 103 3670 
99 104 5230 
99 105 5320 
99 106 5590 
99 107 5815 
99 108 5905 
99 109 5935 
99 110 5710 
99 111 5215 
99 112 6415 
99 113 6625 
99 114 6580 
99 115 1590 
100 24 450 
100 25 585 
100 26 675 
100 27 720 
100 28 1230 
100 29 330 
100 30 600 
100 31 1735 
100 32 2275 
100 33 2185 
100 34 3190 
100 35 3100 
100 36 4000 
100 37 4090 
100 38 4225 
100 39 4360 
100 40 4405 
100 41 4585 
100 42 4675 
100 43 5365 
100 44 5140 
100 45 4735 
100 46 4645 
100 47 4555 
100 48 5185 
100 49 6055 
100 50 6010 
100 66 690 
100 67 1510 
100 68 1960 
100 69 2770 
100 70 3100 
100 71 3910 
100 72 4240 
100 73 5050 
100 74 5380 
100 95 780 
100 96 915 
100 97 1005 
100 98 1050 
100 99 900 
100 101 1825 
100 102 2860 
100 103 2770 
100 104 4330 
100 105 4420 
100 106 4690 
100 107 4915 
100 108 5005 
100 109 5035 
100 110 4810 
100 111 4315 
100 112 5515 
100 113 5725 
100 114 5680 
100 115 690 
101 32 450 
101 33 540 
101 34 1995 
101 35 1905 
101 36 2805 
101 37 2895 
101 38 3030 
101 39 3165 
101 40 3210 
101 41 3390 
101 42 3480 
101 43 4170 
101 44 3945 
101 45 3540 
101 46 3450 
101 47 3360 
101 48 3990 
101 49 4860 
101 50 4815 
101 68 765 
101 69 1575 
101 70 1905 
101 71 2715 
101 72 3045 
101 73 3855 
101 74 4185 
101 102 1665 
101 103 1575 
101 104 3135 
101 105 3225 
101 106 3495 
101 107 3720 
101 108 3810 
101 109 3840 
101 110 3615 
101 111 3120 
101 112 4320 
101 113 4530 
101 114 4485 
101 115 765 
102 34 330 
102 35 420 
102 36 1320 
102 37 1410 
102 38 1545 
102 39 1680 
102 40 1725 
102 41 1905 
102 42 1995 
102 43 2685 
102 44 2460 
102 45 2055 
102 46 1965 
102 47 1875 
102 48 2505 
102 49 3375 
102 50 3330 
102 70 420 
102 71 1230 
102 72 1560 
102 73 2370 
102 74 2700 
102 104 1650 
102 105 1740 
102 106 2010 
102 107 2235 
102 108 2325 
102 109 2355 
102 110 2130 
102 111 1635 
102 112 2835 
102 113 3045 
102 114 3000 
102 115 420 
103 34 420 
103 35 330 
103 36 1230 
103 37 1320 
103 38 1455 
103 39 1590 
103 40 1635 
103 41 1815 
103 42 1905 
103 43 2595 
103 44 2370 
103 45 1965 
103 46 1875 
103 47 1785 
103 48 2415 
103 49 3285 
103 50 3240 
103 70 330 
103 71 1140 
103 72 1470 
103 73 2280 
103 74 2610 
103 102 90 
103 104 1560 
103 105 1650 
103 106 1920 
103 107 2145 
103 108 2235 
103 109 2265 
103 110 2040 
103 111 1545 
103 112 2745 
103 113 2955 
103 114 2910 
103 115 330 
104 48 1035 
104 49 1905 
104 50 1860 
104 72 90 
104 73 900 
104 74 1230 
104 112 1365 
104 113 1575 
104 114 1530 
104 115 90 
105 48 1125 
105 49 1995 
105 50 1950 
105 72 180 
105 73 990 
105 74 1320 
105 104 90 
105 112 1455 
105 113 1665 
105 114 1620 
105 115 180 
106 46 45 
106 47 135 
106 48 1395 
106 49 2265 
106 50 2220 
106 72 450 
106 73 1260 
106 74 1590 
106 104 360 
106 105 270 
106 112 1725 
106 113 1935 
106 114 1890 
106 115 450 
107 45 180 
107 46 270 
107 47 360 
107 48 1620 
107 49 2490 
107 50 2445 
107 72 675 
107 73 1485 
107 74 1815 
107 104 585 
107 105 495 
107 106 225 
107 112 1950 
107 113 2160 
107 114 2115 
107 115 675 
108 45 270 
108 46 360 
108 47 450 
108 48 1710 
108 49 2580 
108 50 2535 
108 72 765 
108 73 1575 
108 74 1905 
108 104 675 
108 105 585 
108 106 315 
108 107 90 
108 112 2040 
108 113 2250 
108 114 2205 
108 115 765 
109 43 330 
109 44 555 
109 45 960 
109 46 1050 
109 47 1140 
109 48 2400 
109 49 3270 
109 50 3225 
109 72 1455 
109 73 2265 
109 74 2595 
109 104 1365 
109 105 1275 
109 106 1005 
109 107 780 
109 108 690 
109 112 2730 
109 113 2940 
109 114 2895 
109 115 1455 
110 43 555 
110 44 330 
110 45 735 
110 46 825 
110 47 915 
110 48 2175 
110 49 3045 
110 50 3000 
110 72 1230 
110 73 2040 
110 74 2370 
110 104 1140 
110 105 1050 
110 106 780 
110 107 555 
110 108 465 
110 109 225 
110 112 2505 
110 113 2715 
110 114 2670 
110 115 1230 
111 39 45 
111 40 90 
111 41 270 
111 42 360 
111 43 1050 
111 44 825 
111 45 420 
111 46 330 
111 47 420 
111 48 1680 
111 49 2550 
111 50 2505 
111 72 735 
111 73 1545 
111 74 1875 
111 104 645 
111 105 555 
111 106 375 
111 107 600 
111 108 690 
111 109 720 
111 110 495 
111 112 2010 
111 113 2220 
111 114 2175 
111 115 735 
112 74 135 
112 115 135 
113 49 330 
113 50 375 
113 74 1005 
113 112 870 
113 115 1005 
114 49 375 
114 50 330 
114 74 960 
114 112 825 
114 113 45 
114 115 960 
 
//Location coordinates LocationName 
//Loc x y 
0 0 0 "depotStart" 
1 4460 1020 "aE_aE_04" 
2 4130 705 "aG_aE_13" 
3 4130 885 "aG_aE_17" 
4 4130 1200 "aG_aE_25" 
5 3320 1020 "aH_aH_04" 
6 2990 255 "aI_aH_03" 
7 2990 480 "aI_aH_08" 
8 2990 525 "aI_aH_09" 
9 2990 795 "aI_aH_15" 
10 2990 930 "aI_aH_18" 
11 2990 1020 "aI_aH_20" 
12 2180 615 "aK_aK_13" 
13 2180 345 "aK_aK_19" 
14 1720 300 "aL_aK_06" 
15 900 1200 "aM_aM_00" 
16 900 840 "aM_aM_08" 
17 900 165 "aM_aM_23" 
18 570 345 "aO_aM_07" 
19 570 570 "aO_aM_12" 
20 570 660 "aO_aM_14" 
21 570 705 "aO_aM_15" 
22 570 750 "aO_aM_16" 
23 570 1890 "bC_bC_02" 
24 570 2610 "bC_bC_18" 
25 570 2745 "bC_bC_21" 
26 570 2835 "bC_bC_23" 
27 570 2880 "bC_bC_24" 
28 900 3060 "bD_bC_00" 
29 900 2160 "bD_bC_20" 
30 900 1890 "bD_bC_26" 
31 1720 2025 "bE_bE_05" 
32 2170 2115 "bG_bE_24" 
33 2170 2025 "bG_bE_26" 
34 3310 1890 "bI_bH_29" 
35 3310 1800 "bI_bH_42" 
36 4120 1890 "bK_bK_02" 
37 4120 1980 "bK_bK_04" 
38 4120 2115 "bK_bK_07" 
39 4120 2250 "bK_bK_10" 
40 4120 2295 "bK_bK_11" 
41 4120 2475 "bK_bK_15" 
42 4120 2565 "bK_bK_17" 
43 4450 2925 "bL_bK_06" 
44 4450 2700 "bL_bK_11" 
45 4450 2295 "bL_bK_20" 
46 4450 2205 "bL_bK_22" 
47 4450 2115 "bL_bK_24" 
48 5260 1935 "bM_bM_03" 
49 5590 2475 "bO_bM_16" 
50 5590 2430 "bO_bM_17" 
51 5600 1200 "aC_aC_inter_0_start" 
52 5270 1200 "aD_aC_inter_0_start" 
53 4460 1200 "aE_aE_inter_0_start" 
54 4130 1200 "aG_aE_inter_0_start" 
55 3320 1200 "aH_aH_inter_0_start" 
56 2990 1200 "aI_aH_inter_0_start" 
57 2180 1200 "aK_aK_inter_0_start" 
58 1720 1200 "aL_aK_inter_0_start" 
59 900 1200 "aM_aM_inter_0_start" 
60 570 1200 "aO_aM_inter_0_start" 
61 340 1200 "aP_aP_inter_0_start" 
62 0 1600 "aQ_aP_inter_0_start" 
63 0 1700 "bA_bA_inter_0_start" 
64 340 1800 "bB_bA_inter_0_start" 
65 570 1800 "bC_bC_inter_0_start" 
66 900 1800 "bD_bC_inter_0_start" 
67 1720 1800 "bE_bE_inter_0_start" 
68 2170 1800 "bG_bE_inter_0_start" 
69 2980 1800 "bH_bH_inter_0_start" 
70 3310 1800 "bI_bH_inter_0_start" 
71 4120 1800 "bK_bK_inter_0_start" 
72 4450 1800 "bL_bK_inter_0_start" 
73 5260 1800 "bM_bM_inter_0_start" 
74 5590 1800 "bO_bM_inter_0_start" 
75 4130 1020 "aG_aE_inter_180" 
76 4460 705 "aE_aE_inter_495" 
77 4460 885 "aE_aE_inter_315" 
78 4460 1200 "aE_aE_inter_0" 
79 3320 255 "aH_aH_inter_945" 
80 3320 480 "aH_aH_inter_720" 
81 3320 525 "aH_aH_inter_675" 
82 3320 795 "aH_aH_inter_405" 
83 3320 930 "aH_aH_inter_270" 
84 1720 615 "aL_aK_inter_585" 
85 1720 345 "aL_aK_inter_855" 
86 2180 300 "aK_aK_inter_900" 
87 570 1200 "aO_aM_inter_0" 
88 570 840 "aO_aM_inter_360" 
89 570 165 "aO_aM_inter_1035" 
90 900 345 "aM_aM_inter_855" 
91 900 570 "aM_aM_inter_630" 
92 900 660 "aM_aM_inter_540" 
93 900 705 "aM_aM_inter_495" 
94 900 750 "aM_aM_inter_450" 
95 900 2610 "bD_bC_inter_810" 
96 900 2745 "bD_bC_inter_945" 
97 900 2835 "bD_bC_inter_1035" 
98 900 2880 "bD_bC_inter_1080" 
99 570 3060 "bC_bC_inter_1260" 
100 570 2160 "bC_bC_inter_360" 
101 1720 2115 "bE_bE_inter_315" 
102 2980 1890 "bH_bH_inter_90" 
103 2980 1800 "bH_bH_inter_0" 
104 4450 1890 "bL_bK_inter_90" 
105 4450 1980 "bL_bK_inter_180" 
106 4450 2250 "bL_bK_inter_450" 
107 4450 2475 "bL_bK_inter_675" 
108 4450 2565 "bL_bK_inter_765" 
109 4120 2925 "bK_bK_inter_1125" 
110 4120 2700 "bK_bK_inter_900" 
111 4120 2205 "bK_bK_inter_405" 
112 5590 1935 "bO_bM_inter_135" 
113 5260 2475 "bM_bM_inter_675" 
114 5260 2430 "bM_bM_inter_630" 
115 0 0 "depotEnd" 
