//Nb tournees
13
//idTournee nbColis
1 6
//IdColis IdCommandeInColis NbProducts IdProd1 QtyProd1 IdProd2 QtyProd2 ...
1 1 8 1 1 6 4 8 1 22 1 35 2 37 2 40 1 51 2 
2 1 19 94 1 107 2 108 1 115 1 116 1 120 1 121 1 133 1 134 1 135 2 136 1 137 1 138 1 139 1 140 1 142 2 143 1 144 2 147 2 
3 1 9 149 1 150 4 151 2 153 1 154 1 155 4 156 2 158 1 163 2 
4 1 7 168 6 172 1 174 2 177 4 164 2 165 4 166 2 
5 1 8 190 4 199 1 167 3 217 5 219 4 221 1 222 1 225 2 
6 1 15 227 4 228 1 229 4 242 1 246 1 207 2 209 1 251 2 252 1 239 1 257 1 258 2 260 1 261 1 12 1 
//idTournee nbColis
2 6
//IdColis IdCommandeInColis NbProducts IdProd1 QtyProd1 IdProd2 QtyProd2 ...
7 1 13 33 2 262 1 80 1 81 1 42 2 82 1 45 1 83 2 48 2 49 1 265 1 269 1 272 1 
8 1 12 273 2 274 1 93 1 278 1 282 1 193 1 208 2 248 1 250 1 287 1 288 2 289 5 
9 1 0 
10 2 9 1 1 6 3 15 1 17 1 21 1 22 1 24 1 30 2 37 3 
11 2 13 55 1 12 1 58 1 25 1 59 1 60 1 33 2 62 1 63 2 66 1 69 1 48 2 74 1 
12 2 2 35 4 39 1 
//idTournee nbColis
3 6
//IdColis IdCommandeInColis NbProducts IdProd1 QtyProd1 IdProd2 QtyProd2 ...
13 2 3 67 2 40 1 79 2 
14 2 10 44 4 47 2 86 2 87 2 94 1 95 1 96 1 101 1 104 1 105 1 
15 2 18 106 1 107 2 108 1 109 1 110 1 111 1 114 2 115 1 120 1 121 1 129 1 130 1 131 1 134 1 135 3 136 1 150 3 151 2 
16 2 16 155 2 156 4 157 1 158 2 160 1 161 2 162 1 170 3 172 2 173 1 174 1 140 1 175 2 176 1 179 1 181 1 
17 2 10 182 3 183 3 184 1 144 3 185 1 186 1 188 2 147 3 148 3 177 1 
18 2 5 190 6 198 3 199 3 167 4 168 7 
//idTournee nbColis
4 6
//IdColis IdCommandeInColis NbProducts IdProd1 QtyProd1 IdProd2 QtyProd2 ...
19 2 11 164 3 165 1 196 1 213 2 215 1 217 3 197 1 219 2 223 1 225 1 226 2 
20 2 17 227 3 193 1 242 3 243 1 204 2 205 1 245 1 206 1 207 2 208 2 209 1 247 1 234 2 235 1 249 1 236 1 253 1 
21 2 17 254 1 255 1 240 1 256 3 259 2 42 2 70 1 266 1 268 1 269 1 270 1 278 1 260 1 292 1 89 2 294 1 76 1 
22 2 11 296 3 273 4 92 1 228 3 229 3 304 1 307 2 287 2 289 4 299 2 301 2 
23 2 0 
24 3 19 2 1 7 1 9 1 10 2 11 1 12 1 13 1 14 1 18 1 23 1 31 1 32 1 33 2 38 1 41 1 48 2 50 1 54 1 28 1 
//idTournee nbColis
5 6
//IdColis IdCommandeInColis NbProducts IdProd1 QtyProd1 IdProd2 QtyProd2 ...
25 3 7 29 1 30 2 37 2 39 2 40 1 51 1 82 2 
26 3 6 44 2 84 1 49 1 88 1 92 1 99 1 
27 3 19 100 1 104 2 106 1 107 2 108 1 109 1 119 1 121 1 122 1 124 2 130 1 131 1 134 1 135 2 136 1 138 1 148 1 150 1 153 1 
28 3 13 160 1 161 2 163 2 164 1 165 2 166 2 167 4 168 2 169 1 171 1 172 1 174 1 140 2 
29 3 16 175 2 141 1 142 2 180 1 143 2 182 1 183 1 144 2 185 1 188 1 189 1 191 1 147 2 192 1 193 1 196 2 
30 3 9 213 1 214 2 216 1 197 1 219 1 221 1 223 2 226 6 227 1 
//idTournee nbColis
6 6
//IdColis IdCommandeInColis NbProducts IdProd1 QtyProd1 IdProd2 QtyProd2 ...
31 3 12 42 2 267 1 269 1 270 1 271 1 275 1 280 1 281 1 285 1 286 2 207 2 208 2 
32 3 16 76 1 296 3 272 1 273 1 274 1 244 4 228 1 297 1 302 2 303 1 246 1 209 1 308 1 311 1 239 2 241 1 
33 3 1 260 2 
34 3 0 
35 4 12 3 1 6 1 29 1 30 1 37 1 39 1 40 2 43 1 44 1 45 2 46 1 47 1 
36 4 11 49 1 56 1 57 1 12 1 13 1 61 1 33 2 64 1 65 1 68 1 48 2 
//idTournee nbColis
7 6
//IdColis IdCommandeInColis NbProducts IdProd1 QtyProd1 IdProd2 QtyProd2 ...
37 4 17 71 1 72 1 73 1 75 1 103 1 106 2 107 2 108 1 109 2 110 1 111 1 117 2 121 2 123 1 127 1 129 1 130 2 
38 4 9 134 1 135 3 137 2 148 1 150 6 151 3 152 3 155 1 156 3 
39 4 11 158 1 159 1 160 4 161 4 163 6 138 1 139 1 140 2 175 2 176 2 178 1 
40 4 8 143 3 182 1 184 1 144 3 187 1 189 1 147 3 168 6 
41 4 8 169 4 170 2 172 5 174 6 193 1 194 1 177 2 166 3 
42 4 7 190 7 198 3 200 5 210 1 165 3 211 1 212 4 
//idTournee nbColis
8 6
//IdColis IdCommandeInColis NbProducts IdProd1 QtyProd1 IdProd2 QtyProd2 ...
43 4 9 196 3 213 1 217 3 197 2 218 2 219 5 221 1 222 2 225 3 
44 4 4 226 7 227 1 244 2 229 7 
45 4 11 42 2 264 1 269 1 271 1 283 1 284 1 207 3 208 2 87 1 90 2 248 1 
46 4 19 250 1 288 2 289 6 299 2 301 1 245 1 305 1 209 1 306 1 237 1 308 1 309 1 310 1 252 1 311 1 300 1 312 1 259 2 313 1 
47 4 0 
48 5 12 3 2 6 3 19 1 21 2 22 1 26 1 28 1 29 1 36 1 37 1 5 1 52 1 
//idTournee nbColis
9 6
//IdColis IdCommandeInColis NbProducts IdProd1 QtyProd1 IdProd2 QtyProd2 ...
49 5 3 57 1 12 1 58 1 
50 5 2 30 5 32 1 
51 5 5 33 2 42 2 70 1 48 2 76 1 
52 5 4 77 1 35 1 39 1 67 2 
53 5 11 40 2 80 1 81 2 82 1 44 4 45 1 86 1 89 1 90 4 91 1 93 4 
54 5 18 98 1 102 1 105 1 106 2 107 2 108 1 113 1 114 2 117 1 121 1 126 1 128 1 129 1 132 1 134 1 135 3 136 1 147 3 
//idTournee nbColis
10 6
//IdColis IdCommandeInColis NbProducts IdProd1 QtyProd1 IdProd2 QtyProd2 ...
55 5 8 148 2 150 1 152 3 154 1 155 2 158 7 159 1 160 5 
56 5 7 161 4 162 3 156 2 157 1 163 4 169 9 170 1 
57 5 6 172 6 174 5 194 7 195 1 177 4 164 1 
58 5 11 165 2 196 1 182 1 184 1 144 3 185 1 197 3 188 2 166 1 190 7 198 4 
59 5 10 167 7 168 7 192 1 193 1 201 1 202 1 203 1 204 1 205 1 206 1 
60 5 6 207 3 208 2 209 1 213 2 214 3 217 7 
//idTournee nbColis
11 6
//IdColis IdCommandeInColis NbProducts IdProd1 QtyProd1 IdProd2 QtyProd2 ...
61 5 5 219 9 221 2 222 3 223 2 225 7 
62 5 10 226 3 227 1 229 3 248 1 250 7 269 1 295 2 296 2 271 1 272 1 
63 5 15 273 3 287 3 298 1 236 1 289 2 290 1 239 1 300 1 240 3 256 1 258 1 301 1 259 2 260 1 292 1 
64 5 0 
65 6 13 4 1 5 1 11 1 12 1 16 1 20 1 23 1 25 1 27 1 33 2 34 1 42 2 48 2 
66 6 7 50 1 6 2 53 1 54 2 24 1 28 3 30 2 
//idTournee nbColis
12 6
//IdColis IdCommandeInColis NbProducts IdProd1 QtyProd1 IdProd2 QtyProd2 ...
67 6 5 67 4 51 1 40 1 78 1 47 2 
68 6 18 83 2 85 1 97 1 106 3 112 1 118 1 124 2 125 1 128 1 130 2 133 1 134 1 136 1 138 1 139 1 141 1 145 1 146 1 
69 6 8 148 2 150 5 151 4 152 1 156 4 158 3 159 1 160 2 
70 6 5 161 3 162 1 163 4 177 4 190 7 
71 6 5 168 9 172 3 165 3 196 4 180 1 
72 6 12 217 4 144 2 192 1 219 2 220 1 201 1 222 5 224 1 225 5 204 2 230 1 231 1 
//idTournee nbColis
13 4
//IdColis IdCommandeInColis NbProducts IdProd1 QtyProd1 IdProd2 QtyProd2 ...
73 6 14 207 2 208 2 232 1 233 1 209 1 234 1 235 1 236 1 237 1 238 1 239 1 240 1 241 2 226 7 
74 6 5 227 1 244 9 263 1 70 1 269 1 
75 6 11 271 1 276 1 277 1 279 1 290 1 291 1 259 1 293 1 45 2 273 1 92 1 
76 6 3 229 4 248 2 289 1 
