//Nb tournees
13
//idTournee nbColis
1 6
//IdColis IdCommandeInColis NbProducts IdProd1 QtyProd1 IdProd2 QtyProd2 ...
1 1 8 1 1 6 4 8 1 22 1 35 2 37 2 40 1 51 2 
2 1 19 94 1 107 2 108 1 115 1 116 1 120 1 121 1 133 1 134 1 135 2 136 1 137 1 138 1 139 1 140 1 142 2 143 1 144 2 147 2 
3 1 9 149 1 150 4 151 2 153 1 154 1 155 4 156 2 158 1 163 2 
4 1 7 168 6 172 1 174 2 177 4 164 2 165 4 166 2 
5 1 8 190 4 199 1 167 3 217 5 219 4 221 1 222 1 225 2 
6 1 15 227 4 228 1 229 4 242 1 246 1 207 2 209 1 251 2 252 1 239 1 257 1 258 2 260 1 261 1 12 1 
//idTournee nbColis
2 6
//IdColis IdCommandeInColis NbProducts IdProd1 QtyProd1 IdProd2 QtyProd2 ...
7 1 13 33 2 262 1 80 1 81 1 42 2 82 1 45 1 83 2 48 2 49 1 265 1 269 1 272 1 
8 1 12 273 2 274 1 93 1 278 1 282 1 193 1 208 2 248 1 250 1 287 1 288 2 289 5 
9 1 0 
10 2 9 1 1 6 3 15 1 17 1 21 1 22 1 24 1 30 2 37 3 
11 2 13 55 1 12 1 58 1 25 1 59 1 60 1 33 2 62 1 63 2 66 1 69 1 48 2 74 1 
12 2 2 35 4 39 1 
//idTournee nbColis
3 6
//IdColis IdCommandeInColis NbProducts IdProd1 QtyProd1 IdProd2 QtyProd2 ...
13 2 3 67 2 40 1 79 2 
14 2 10 44 4 47 2 86 2 87 2 94 1 95 1 96 1 101 1 104 1 105 1 
15 2 18 106 1 107 2 108 1 109 1 110 1 111 1 114 2 115 1 120 1 121 1 129 1 130 1 131 1 134 1 135 3 136 1 150 3 151 2 
16 2 16 155 2 156 4 157 1 158 2 160 1 161 2 162 1 170 3 172 2 173 1 174 1 140 1 175 2 176 1 179 1 181 1 
17 2 10 182 3 183 3 184 1 144 3 185 1 186 1 188 2 147 3 148 3 177 1 
18 2 5 190 6 198 3 199 3 167 4 168 7 
//idTournee nbColis
4 6
//IdColis IdCommandeInColis NbProducts IdProd1 QtyProd1 IdProd2 QtyProd2 ...
19 2 11 164 3 165 1 196 1 213 2 215 1 217 3 197 1 219 2 223 1 225 1 226 2 
20 2 17 227 3 193 1 242 3 243 1 204 2 205 1 245 1 206 1 207 2 208 2 209 1 247 1 234 2 235 1 249 1 236 1 253 1 
21 2 17 254 1 255 1 240 1 256 3 259 2 42 2 70 1 266 1 268 1 269 1 270 1 278 1 260 1 292 1 89 2 294 1 76 1 
22 2 11 296 3 273 4 92 1 228 3 229 3 304 1 307 2 287 2 289 4 299 2 301 2 
23 2 0 
24 3 19 2 1 7 1 9 1 10 2 11 1 12 1 13 1 14 1 18 1 23 1 31 1 32 1 33 2 38 1 41 1 48 2 50 1 54 1 28 1 
//idTournee nbColis
5 6
//IdColis IdCommandeInColis NbProducts IdProd1 QtyProd1 IdProd2 QtyProd2 ...
25 3 7 29 1 30 2 37 2 39 2 40 1 51 1 82 2 
26 3 6 44 2 84 1 49 1 88 1 92 1 99 1 
27 3 19 100 1 104 2 106 1 107 2 108 1 109 1 119 1 121 1 122 1 124 2 130 1 131 1 134 1 135 2 136 1 138 1 148 1 150 1 153 1 
28 3 13 160 1 161 2 163 2 164 1 165 2 166 2 167 4 168 2 169 1 171 1 172 1 174 1 140 2 
29 3 16 175 2 141 1 142 2 180 1 143 2 182 1 183 1 144 2 185 1 188 1 189 1 191 1 147 2 192 1 193 1 196 2 
30 3 9 213 1 214 2 216 1 197 1 219 1 221 1 223 2 226 6 227 1 
//idTournee nbColis
6 6
//IdColis IdCommandeInColis NbProducts IdProd1 QtyProd1 IdProd2 QtyProd2 ...
31 3 12 42 2 267 1 269 1 270 1 271 1 275 1 280 1 281 1 285 1 286 2 207 2 208 2 
32 3 16 76 1 296 3 272 1 273 1 274 1 244 4 228 1 297 1 302 2 303 1 246 1 209 1 308 1 311 1 239 2 241 1 
33 3 1 260 2 
34 3 0 
35 4 12 3 1 6 1 29 1 30 1 37 1 39 1 40 2 43 1 44 1 45 2 46 1 47 1 
36 4 11 49 1 56 1 57 1 12 1 13 1 61 1 33 2 64 1 65 1 68 1 48 2 
//idTournee nbColis
7 6
//IdColis IdCommandeInColis NbProducts IdProd1 QtyProd1 IdProd2 QtyProd2 ...
37 4 17 71 1 72 1 73 1 75 1 103 1 106 2 107 2 108 1 109 2 110 1 111 1 117 2 121 2 123 1 127 1 129 1 130 2 
38 4 9 134 1 135 3 137 2 148 1 150 6 151 3 152 3 155 1 156 3 
39 4 11 158 1 159 1 160 4 161 4 163 6 138 1 139 1 140 2 175 2 176 2 178 1 
40 4 8 143 3 182 1 184 1 144 3 187 1 189 1 147 3 168 6 
41 4 8 169 4 170 2 172 5 174 6 193 1 194 1 177 2 166 3 
42 4 7 190 7 198 3 200 5 210 1 165 3 211 1 212 4 
//idTournee nbColis
8 6
//IdColis IdCommandeInColis NbProducts IdProd1 QtyProd1 IdProd2 QtyProd2 ...
43 4 9 196 3 213 1 217 3 197 2 218 2 219 5 221 1 222 2 225 3 
44 4 4 226 7 227 1 244 2 229 7 
45 4 11 42 2 264 1 269 1 271 1 283 1 284 1 207 3 208 2 87 1 90 2 248 1 
46 4 19 250 1 288 2 289 6 299 2 301 1 245 1 305 1 209 1 306 1 237 1 308 1 309 1 310 1 252 1 311 1 300 1 312 1 259 2 313 1 
47 4 0 
48 5 12 3 2 6 3 19 1 21 2 22 1 26 1 28 1 29 1 36 1 37 1 5 1 52 1 
//idTournee nbColis
9 6
//IdColis IdCommandeInColis NbProducts IdProd1 QtyProd1 IdProd2 QtyProd2 ...
49 5 3 57 1 12 1 58 1 
50 5 2 30 5 32 1 
51 5 5 33 2 42 2 70 1 48 2 76 1 
52 5 4 77 1 35 1 39 1 67 2 
53 5 11 40 2 80 1 81 2 82 1 44 4 45 1 86 1 89 1 90 4 91 1 93 4 
54 5 18 98 1 102 1 105 1 106 2 107 2 108 1 113 1 114 2 117 1 121 1 126 1 128 1 129 1 132 1 134 1 135 3 136 1 147 3 
//idTournee nbColis
10 6
//IdColis IdCommandeInColis NbProducts IdProd1 QtyProd1 IdProd2 QtyProd2 ...
55 5 8 148 2 150 1 152 3 154 1 155 2 158 7 159 1 160 5 
56 5 7 161 4 162 3 156 2 157 1 163 4 169 9 170 1 
57 5 6 172 6 174 5 194 7 195 1 177 4 164 1 
58 5 11 165 2 196 1 182 1 184 1 144 3 185 1 197 3 188 2 166 1 190 7 198 4 
59 5 10 167 7 168 7 192 1 193 1 201 1 202 1 203 1 204 1 205 1 206 1 
60 5 6 207 3 208 2 209 1 213 2 214 3 217 7 
//idTournee nbColis
11 6
//IdColis IdCommandeInColis NbProducts IdProd1 QtyProd1 IdProd2 QtyProd2 ...
61 5 5 219 9 221 2 222 3 223 2 225 7 
62 5 10 226 3 227 1 229 3 248 1 250 7 269 1 295 2 296 2 271 1 272 1 
63 5 15 273 3 287 3 298 1 236 1 289 2 290 1 239 1 300 1 240 3 256 1 258 1 301 1 259 2 260 1 292 1 
64 5 0 
65 6 13 4 1 5 1 11 1 12 1 16 1 20 1 23 1 25 1 27 1 33 2 34 1 42 2 48 2 
66 6 7 50 1 6 2 53 1 54 2 24 1 28 3 30 2 
//idTournee nbColis
12 6
//IdColis IdCommandeInColis NbProducts IdProd1 QtyProd1 IdProd2 QtyProd2 ...
67 6 5 67 4 51 1 40 1 78 1 47 2 
68 6 18 83 2 85 1 97 1 106 3 112 1 118 1 124 2 125 1 128 1 130 2 133 1 134 1 136 1 138 1 139 1 141 1 145 1 146 1 
69 6 8 148 2 150 5 151 4 152 1 156 4 158 3 159 1 160 2 
70 6 5 161 3 162 1 163 4 177 4 190 7 
71 6 5 168 9 172 3 165 3 196 4 180 1 
72 6 12 217 4 144 2 192 1 219 2 220 1 201 1 222 5 224 1 225 5 204 2 230 1 231 1 
//idTournee nbColis
13 4
//IdColis IdCommandeInColis NbProducts IdProd1 QtyProd1 IdProd2 QtyProd2 ...
73 6 14 207 2 208 2 232 1 233 1 209 1 234 1 235 1 236 1 237 1 238 1 239 1 240 1 241 2 226 7 
74 6 5 227 1 244 9 263 1 70 1 269 1 
75 6 11 271 1 276 1 277 1 279 1 290 1 291 1 259 1 293 1 45 2 273 1 92 1 
76 6 3 229 4 248 2 289 1 
//Nb tournees
9
//idTournee nbColis
14 6
//IdColis IdCommandeInColis NbProducts IdProd1 QtyProd1 IdProd2 QtyProd2 ...
77 1 41 1 2 6 1 7 1 10 2 12 2 13 2 14 2 19 1 21 2 24 1 29 1 31 1 32 1 35 2 45 1 50 2 60 1 61 2 63 1 65 2 69 1 71 1 79 1 83 2 87 1 88 1 89 1 92 1 94 1 97 1 98 1 101 1 103 1 104 2 105 4 106 2 107 2 109 1 112 1 113 1 120 1 
78 1 14 121 2 134 4 137 3 138 1 142 1 144 5 153 2 158 1 159 1 160 1 168 1 175 2 177 1 180 2 
79 1 21 186 2 190 2 191 1 192 1 195 1 136 1 198 1 199 1 141 2 201 1 202 1 157 1 208 1 210 1 211 1 220 1 223 1 225 1 231 1 232 1 234 1 
80 1 15 238 1 240 1 243 1 247 1 183 2 357 1 288 1 358 2 292 1 259 4 359 1 298 1 301 1 329 1 261 1 
81 1 24 305 1 339 1 307 2 344 1 309 1 312 1 361 2 365 1 366 1 16 1 368 1 369 1 370 1 114 1 371 1 373 2 374 1 118 1 375 1 376 2 377 4 378 1 381 1 382 1 
82 1 0 
//idTournee nbColis
15 6
//IdColis IdCommandeInColis NbProducts IdProd1 QtyProd1 IdProd2 QtyProd2 ...
83 2 42 1 1 4 2 5 1 6 1 10 1 12 1 13 2 14 2 21 2 25 1 26 1 35 2 37 4 38 1 40 5 41 4 44 1 49 1 50 1 52 1 54 1 55 1 58 1 60 1 64 1 65 1 70 1 74 1 77 1 79 1 85 1 86 1 90 1 92 1 97 1 105 1 109 2 111 1 114 1 115 1 116 1 117 4 
84 2 23 118 1 120 3 123 1 126 2 127 1 130 1 131 1 133 1 141 2 145 1 147 1 152 1 154 1 156 1 161 1 164 1 166 1 167 1 169 1 170 1 171 2 174 1 182 1 
85 2 13 187 1 137 2 148 1 153 2 155 2 158 2 172 1 218 1 177 1 179 3 180 1 183 3 228 2 
86 2 10 188 2 243 1 245 1 247 1 248 3 252 2 256 2 257 2 259 3 260 1 
87 2 18 261 3 263 1 265 1 224 1 266 1 267 1 269 1 236 1 270 1 274 1 275 1 277 1 278 1 281 1 292 1 293 1 294 1 295 1 
88 2 19 298 1 315 1 316 1 328 1 331 1 332 2 333 1 334 1 336 1 338 2 339 1 306 1 341 1 342 2 307 1 343 1 345 1 346 1 351 1 
//idTournee nbColis
16 6
//IdColis IdCommandeInColis NbProducts IdProd1 QtyProd1 IdProd2 QtyProd2 ...
89 2 8 352 1 353 1 303 3 340 2 344 2 386 1 371 2 383 2 
90 2 0 
91 3 49 1 3 3 1 4 1 6 2 8 1 10 2 12 2 13 2 14 2 18 1 19 2 20 1 21 2 27 1 33 1 34 1 35 2 48 3 50 2 53 1 57 1 59 1 60 1 65 2 73 1 74 1 76 1 78 2 79 1 81 2 82 1 84 1 85 1 87 1 88 1 89 1 94 1 95 2 98 2 99 1 100 1 101 1 103 1 105 5 106 2 107 2 108 1 119 2 120 1 
92 3 14 121 2 129 1 139 3 143 1 148 5 151 1 155 3 159 1 163 1 173 2 176 1 179 1 183 1 188 2 
93 3 19 126 1 128 2 130 2 194 1 133 1 196 1 146 2 204 1 208 1 162 1 213 1 215 1 216 1 217 1 220 1 221 1 225 1 227 1 230 1 
94 3 17 244 1 264 1 247 1 224 1 248 1 232 1 233 1 249 1 269 1 236 1 237 1 272 1 273 2 251 1 252 2 276 1 277 1 
//idTournee nbColis
17 6
//IdColis IdCommandeInColis NbProducts IdProd1 QtyProd1 IdProd2 QtyProd2 ...
95 3 14 279 3 280 2 283 2 287 2 288 1 289 1 290 1 291 1 256 2 238 1 297 1 260 1 302 1 261 3 
96 3 18 303 1 314 1 328 1 304 1 305 1 338 2 339 1 346 1 312 1 363 1 315 1 316 1 364 1 372 1 373 1 380 1 383 1 360 2 
97 3 7 340 3 344 2 385 1 349 1 47 1 96 1 401 1 
98 3 0 
99 4 55 1 1 2 3 6 3 7 2 9 2 11 2 14 2 17 2 19 1 20 1 21 2 22 2 23 1 28 3 30 1 33 1 35 1 36 1 37 4 38 1 39 1 40 5 41 1 42 1 43 2 44 2 46 1 49 1 51 1 53 1 56 1 60 1 62 2 66 1 67 1 68 1 80 2 81 1 82 1 83 1 84 1 85 1 88 1 91 1 92 1 94 1 95 2 98 4 99 1 100 2 101 1 102 1 107 2 108 1 109 1 
100 4 22 125 1 128 1 132 1 133 1 135 1 136 1 140 1 145 1 146 1 149 1 150 1 152 1 157 1 161 1 162 1 165 1 166 1 169 1 178 1 181 2 184 1 185 1 
//idTournee nbColis
18 6
//IdColis IdCommandeInColis NbProducts IdProd1 QtyProd1 IdProd2 QtyProd2 ...
101 4 14 189 1 137 1 138 1 153 1 155 1 158 2 207 1 163 1 214 1 172 1 175 1 177 3 179 3 228 1 
102 4 14 186 1 229 1 243 2 244 1 245 2 246 1 247 2 250 2 251 1 253 1 254 2 255 1 256 1 258 1 
103 4 18 259 3 262 1 221 1 224 1 231 1 266 1 268 1 275 1 278 1 282 1 284 1 285 1 286 1 289 1 293 1 295 1 238 1 296 1 
104 4 12 317 1 318 1 320 1 260 3 326 2 327 2 300 1 328 2 329 2 261 3 303 1 330 1 
105 4 16 332 2 335 1 336 1 338 2 341 1 342 2 307 1 343 2 344 1 309 1 347 2 348 1 350 1 351 1 313 2 354 1 
106 4 11 355 2 356 2 387 1 396 2 397 1 118 1 398 1 399 1 400 1 120 1 383 1 
//idTournee nbColis
19 6
//IdColis IdCommandeInColis NbProducts IdProd1 QtyProd1 IdProd2 QtyProd2 ...
107 4 0 
108 5 36 3 1 6 1 10 2 12 2 13 2 14 2 15 2 16 1 19 3 21 2 35 2 47 1 48 1 50 2 60 1 65 2 66 1 69 1 71 1 72 3 73 1 74 1 75 1 78 1 79 2 81 1 82 1 84 1 88 1 93 1 94 1 95 1 96 1 98 2 100 1 101 1 
109 5 17 103 1 105 5 107 2 109 2 110 1 114 1 115 2 116 2 120 1 122 1 124 1 137 3 139 2 148 4 151 1 153 3 155 5 
110 5 15 158 4 173 3 126 1 128 1 130 1 193 1 135 1 136 1 197 1 200 1 157 1 209 1 212 1 171 2 216 1 
111 5 12 217 1 222 1 224 1 185 2 231 1 236 1 207 3 159 2 168 2 242 1 218 2 175 3 
112 5 6 177 6 179 3 180 2 243 4 244 2 245 2 
//idTournee nbColis
20 6
//IdColis IdCommandeInColis NbProducts IdProd1 QtyProd1 IdProd2 QtyProd2 ...
113 5 6 247 4 248 3 183 5 188 2 249 3 256 3 
114 5 10 258 3 259 5 272 2 273 1 319 1 275 1 252 5 276 1 277 1 278 1 
115 5 12 279 5 280 1 321 1 322 1 286 1 287 1 323 3 255 1 324 1 297 1 325 2 260 1 
116 5 6 329 5 261 5 303 2 330 1 337 2 340 1 
117 5 10 344 3 349 3 315 2 316 3 328 1 301 2 305 2 338 1 309 1 346 1 
118 5 10 312 1 361 1 362 2 313 1 373 1 379 1 381 1 382 1 383 1 384 1 
//idTournee nbColis
21 6
//IdColis IdCommandeInColis NbProducts IdProd1 QtyProd1 IdProd2 QtyProd2 ...
119 5 0 
120 6 12 121 1 134 6 137 2 138 3 139 1 144 5 148 6 155 2 158 4 160 1 163 1 172 1 
121 6 20 126 1 128 1 197 1 200 2 146 2 149 1 203 1 205 1 206 1 208 1 213 1 219 1 181 1 222 1 224 1 226 1 233 1 235 1 237 1 239 2 
122 6 9 168 1 241 1 175 3 177 4 179 1 180 3 245 2 183 2 228 2 
123 6 10 188 1 249 2 271 1 274 2 251 1 252 5 279 5 289 1 290 1 256 2 
124 6 12 257 4 259 5 297 1 299 1 300 1 301 1 304 1 305 1 306 1 307 2 308 1 309 1 
//idTournee nbColis
22 3
//IdColis IdCommandeInColis NbProducts IdProd1 QtyProd1 IdProd2 QtyProd2 ...
125 6 12 310 1 311 1 312 1 313 1 317 1 325 1 302 1 329 2 261 3 303 3 360 2 344 2 
126 6 37 349 2 367 1 338 1 6 2 10 1 12 1 13 2 14 2 20 2 21 2 388 1 22 1 33 1 389 1 35 2 39 2 45 1 50 1 51 1 60 1 65 1 70 1 74 1 390 1 83 1 85 1 89 1 92 1 391 1 100 1 392 1 105 4 106 1 393 1 394 2 395 1 383 1 
127 6 0 
