//Nb tournees
63
//idTournee nbColis
1 6
//IdColis IdCommandeInColis NbProducts IdProd1 QtyProd1 IdProd2 QtyProd2 ...
1 1 35 1 1 4 2 10 1 17 1 24 1 42 1 43 2 44 1 53 1 54 2 57 1 62 1 64 1 77 1 79 1 89 1 90 1 91 1 95 1 96 1 97 1 99 1 100 1 102 1 103 1 104 1 105 1 106 2 108 2 111 1 118 1 121 1 122 1 128 1 129 1 
2 1 55 527 1 602 1 603 1 532 1 614 1 544 1 547 2 619 1 621 1 550 1 551 1 622 1 741 1 629 2 558 1 563 1 636 1 565 1 568 1 571 1 716 1 744 1 776 1 693 1 723 1 645 1 753 1 582 1 646 1 584 1 585 1 588 2 793 1 181 2 293 1 182 1 184 1 185 1 190 1 336 1 346 1 464 1 352 1 467 1 650 3 469 1 471 2 377 1 379 1 380 1 911 2 684 1 389 1 390 1 476 1 
3 1 29 393 2 394 1 397 1 398 2 403 1 410 1 412 1 414 1 416 1 417 2 418 1 491 1 492 1 426 1 429 1 656 1 438 1 506 1 598 1 447 1 507 2 448 1 510 2 450 1 452 4 522 2 524 1 526 1 538 1 
4 2 36 1 1 4 2 18 1 26 1 32 1 36 1 37 1 40 2 41 1 44 1 46 2 47 1 50 2 58 1 61 1 63 1 66 1 68 1 69 1 71 1 72 1 75 1 76 1 79 1 80 1 81 1 83 1 86 1 89 1 92 1 93 1 108 2 113 1 114 1 115 1 116 1 
5 2 42 476 2 396 4 401 1 406 1 408 1 493 1 425 2 426 2 427 1 495 1 432 1 500 1 435 1 436 2 437 1 775 1 746 1 693 2 786 1 576 1 766 1 694 2 695 1 577 1 734 1 666 3 667 1 721 2 748 2 410 1 480 2 653 1 412 3 414 1 415 1 484 1 485 2 487 1 488 1 418 2 490 1 698 2 
6 2 47 420 2 491 1 504 1 506 1 447 1 508 1 510 1 449 2 450 4 512 1 516 2 688 2 519 1 600 1 525 1 527 3 797 1 530 2 532 2 798 1 533 1 534 2 535 2 536 1 538 3 455 1 456 1 607 2 539 2 608 1 609 1 541 1 692 1 637 1 614 1 615 1 544 1 760 1 545 2 780 1 815 1 547 1 620 3 549 1 621 1 773 1 872 1 
//idTournee nbColis
2 6
//IdColis IdCommandeInColis NbProducts IdProd1 QtyProd1 IdProd2 QtyProd2 ...
7 2 49 622 2 707 1 553 1 625 2 709 3 555 1 629 5 557 1 859 1 559 3 560 1 633 2 804 1 663 1 635 1 569 1 570 1 571 2 807 1 716 1 640 1 575 1 722 2 749 1 856 1 726 1 727 2 580 2 581 1 669 1 790 1 809 1 791 1 857 1 671 2 875 1 585 1 800 1 588 2 735 1 158 1 96 1 97 1 165 1 256 1 167 1 104 1 952 1 122 1 
8 2 42 123 2 181 2 959 1 184 1 229 1 319 1 918 1 321 1 894 1 235 1 297 1 204 1 460 2 329 1 343 1 463 2 962 1 347 2 349 1 350 1 356 1 468 1 361 1 650 1 963 1 651 1 366 1 367 1 471 2 368 1 373 1 375 1 964 2 473 1 380 1 382 1 677 1 911 1 385 1 965 1 389 1 443 2 
9 2 0 
10 3 30 2 1 3 1 5 1 6 1 7 1 8 1 14 1 16 1 19 1 20 2 23 2 29 1 31 1 35 1 38 1 39 2 46 1 48 1 50 1 53 3 55 1 56 1 67 2 70 1 76 1 78 2 79 1 80 1 84 1 117 1 
11 3 23 328 1 673 3 331 4 332 2 674 1 335 1 336 1 342 2 462 3 347 1 348 1 351 1 466 2 354 1 355 3 360 2 650 4 375 2 377 1 378 3 382 1 385 1 527 2 
12 3 32 528 1 368 3 370 2 371 1 389 1 390 1 391 1 476 1 392 3 393 1 396 1 398 1 400 2 401 6 402 1 403 3 409 1 410 1 481 2 412 7 420 3 421 1 425 3 426 6 429 3 656 1 496 2 497 1 436 2 437 2 438 1 439 1 
//idTournee nbColis
3 6
//IdColis IdCommandeInColis NbProducts IdProd1 QtyProd1 IdProd2 QtyProd2 ...
13 3 37 443 3 484 3 485 1 486 2 417 2 700 1 505 4 446 1 597 1 506 4 507 2 508 2 509 2 448 1 510 1 450 1 515 2 517 1 688 1 451 1 518 1 519 3 452 2 453 3 822 1 600 2 522 6 601 3 523 1 526 4 534 3 536 1 455 2 659 1 539 1 608 1 543 1 
14 3 39 759 1 603 2 852 2 871 2 798 1 658 1 605 1 827 1 704 2 544 1 738 2 760 1 618 2 619 1 621 2 550 1 773 1 552 3 554 1 709 2 838 1 741 1 556 1 558 2 560 1 561 1 562 5 567 3 568 3 639 1 782 1 715 1 574 2 716 6 640 1 575 1 746 3 776 2 576 1 
15 3 33 747 2 91 1 154 1 254 1 272 1 882 1 96 2 164 1 255 1 256 1 168 1 104 1 257 1 172 2 107 3 112 2 114 1 116 1 123 2 907 1 185 2 887 1 186 1 188 1 191 1 908 1 194 1 322 1 125 1 894 1 236 1 238 1 324 1 
16 3 31 459 1 326 1 667 2 788 1 720 1 578 1 721 2 579 1 722 1 749 1 789 2 750 1 752 1 727 1 643 1 580 3 581 1 753 1 670 2 754 1 646 2 791 1 583 2 584 3 792 1 672 1 847 1 588 2 728 1 793 2 729 2 
17 3 0 
18 4 32 3 2 9 1 10 1 12 1 13 1 15 1 17 1 18 1 21 1 22 1 26 1 30 1 33 1 43 1 45 1 52 2 53 1 56 1 59 1 60 2 65 1 68 1 71 2 73 1 74 1 77 1 81 1 82 1 92 1 107 3 110 1 112 1 
//idTournee nbColis
4 6
//IdColis IdCommandeInColis NbProducts IdProd1 QtyProd1 IdProd2 QtyProd2 ...
19 4 44 116 2 117 1 459 1 461 1 331 2 337 2 338 1 466 1 354 1 372 1 377 1 472 2 474 1 390 1 392 3 393 2 394 1 396 1 398 1 401 1 402 1 403 2 479 1 410 3 481 1 414 1 415 2 417 2 487 1 420 1 421 1 422 1 423 2 426 2 427 1 428 3 496 1 432 1 500 1 437 1 438 2 502 1 503 1 505 2 
20 4 51 446 2 506 2 543 1 599 1 509 2 448 1 510 1 449 1 450 3 451 1 518 3 452 1 453 2 522 1 601 1 525 1 526 2 758 1 528 1 530 1 603 1 531 1 658 2 536 2 538 1 539 2 457 1 542 1 827 1 738 2 662 1 760 1 780 1 828 1 546 1 619 1 549 1 739 1 622 2 552 1 740 1 709 2 742 1 629 1 633 2 561 1 634 1 566 1 637 1 832 1 840 1 
21 4 40 762 2 664 1 805 1 849 1 587 1 793 1 253 1 94 1 157 1 159 1 882 1 96 1 163 1 165 2 224 1 167 1 102 3 104 1 106 2 121 1 227 1 123 3 183 1 184 1 229 2 188 1 189 1 319 1 900 1 193 1 953 1 125 1 199 1 234 1 235 1 236 1 127 1 237 1 572 1 715 1 
22 4 5 640 1 744 1 577 1 720 2 769 1 
23 5 25 3 3 7 1 9 2 16 1 18 2 19 1 23 3 25 1 27 2 28 1 31 1 34 1 35 1 39 1 40 1 49 2 50 2 53 3 54 1 59 1 77 1 81 1 85 1 86 1 88 1 
24 5 27 246 1 142 1 276 1 61 1 63 1 64 1 66 1 71 2 73 1 92 2 158 1 159 1 315 1 272 1 165 1 224 1 168 2 102 4 103 1 175 3 107 3 115 1 116 2 117 1 118 1 296 1 204 1 
//idTournee nbColis
5 6
//IdColis IdCommandeInColis NbProducts IdProd1 QtyProd1 IdProd2 QtyProd2 ...
25 5 38 650 2 362 1 469 1 363 1 370 1 373 2 390 1 392 3 393 1 394 4 396 1 398 1 400 2 401 2 402 2 435 2 437 1 443 1 744 2 575 2 765 1 693 2 766 1 696 1 666 1 719 1 769 2 749 1 726 1 752 1 727 1 643 2 580 2 403 3 478 1 406 5 407 1 482 2 
26 5 45 653 3 412 1 413 1 414 1 415 1 484 1 485 1 678 1 420 2 422 1 425 1 428 1 429 1 431 3 432 1 596 1 433 1 795 1 700 1 680 1 504 2 505 4 506 1 508 1 509 1 448 4 510 1 449 1 512 1 452 1 453 5 520 1 689 1 521 1 522 6 601 2 455 1 607 1 540 1 682 1 524 1 690 1 526 5 528 1 797 1 
27 5 45 530 2 603 1 731 1 536 1 702 1 544 1 738 1 866 1 545 2 618 1 547 2 620 1 773 1 622 1 552 2 626 1 829 1 629 4 816 1 556 2 558 3 712 3 633 4 663 1 563 1 637 1 840 1 568 1 743 1 569 1 570 1 716 1 581 2 753 1 669 1 790 1 583 3 584 1 810 3 792 1 586 1 121 2 317 1 123 2 968 1 
28 5 32 318 1 186 2 888 1 187 1 229 1 969 1 319 1 198 1 199 1 200 1 459 1 326 2 327 1 673 1 336 1 338 1 341 2 910 1 349 1 350 1 354 3 355 1 356 1 649 1 468 1 359 2 377 2 379 2 380 1 386 2 474 1 388 2 
29 5 0 
30 6 34 3 2 6 1 7 1 11 1 12 1 18 1 20 1 23 1 30 1 39 1 40 2 46 1 50 2 51 1 56 1 61 1 63 1 87 1 89 1 94 1 96 1 98 1 101 1 104 1 107 2 109 1 119 2 120 1 123 1 124 1 125 1 126 1 127 1 130 1 
//idTournee nbColis
6 6
//IdColis IdCommandeInColis NbProducts IdProd1 QtyProd1 IdProd2 QtyProd2 ...
31 6 52 759 1 617 1 619 1 739 1 550 1 622 1 707 1 552 1 708 1 626 1 629 1 556 1 559 1 712 1 632 2 713 1 562 1 565 1 571 1 572 1 573 1 640 1 783 1 696 1 747 2 726 1 752 1 753 1 670 1 582 1 229 1 319 1 193 1 459 1 325 1 338 1 339 1 341 2 462 2 591 1 367 1 373 1 473 1 380 1 382 1 592 1 389 2 476 1 393 1 394 1 396 1 402 2 
32 6 31 478 2 404 1 411 1 481 1 412 3 483 1 416 1 595 1 486 1 418 1 419 1 421 1 430 1 432 1 436 1 437 1 443 1 680 1 505 1 507 1 448 2 515 1 701 1 451 1 518 1 519 1 522 3 601 1 524 1 526 1 798 1 
33 7 39 3 2 9 2 20 1 21 1 23 1 134 1 135 1 37 1 39 1 40 1 43 1 54 1 61 1 67 1 68 1 69 1 144 1 80 1 149 1 158 1 96 1 97 1 100 1 167 1 168 1 172 1 173 1 110 1 114 1 118 1 176 1 182 1 197 1 200 1 201 1 127 1 129 1 204 1 205 1 
34 7 50 520 3 454 1 522 1 523 1 526 2 528 2 532 1 534 1 606 1 535 1 536 2 705 1 780 1 618 3 619 1 548 1 622 1 552 2 625 2 626 1 860 1 629 1 556 1 559 2 632 1 633 1 562 1 565 1 567 1 568 1 572 1 862 1 734 1 719 1 721 1 646 1 583 2 585 1 672 1 847 1 588 2 728 1 229 1 917 1 191 1 324 1 325 1 673 1 332 1 342 1 
35 7 38 463 3 347 2 349 1 354 1 650 2 471 1 378 2 382 1 384 1 386 1 389 2 394 1 395 1 401 2 478 1 408 1 410 1 412 2 413 1 415 1 485 2 595 1 417 2 488 1 421 1 426 1 427 1 428 1 495 1 438 1 446 2 506 1 598 1 508 1 450 2 452 2 539 1 457 1 
36 7 0 
//idTournee nbColis
7 6
//IdColis IdCommandeInColis NbProducts IdProd1 QtyProd1 IdProd2 QtyProd2 ...
37 8 42 3 1 6 1 131 2 15 1 31 1 38 1 43 2 52 1 139 1 53 1 54 1 58 1 71 1 145 1 79 1 80 1 83 1 89 1 92 1 155 1 93 1 94 1 158 1 159 1 96 1 97 1 165 1 167 2 169 1 171 1 107 1 116 1 177 1 179 1 182 1 186 1 187 1 191 1 195 1 129 1 130 1 205 1 
38 8 56 459 1 460 1 335 2 336 1 337 1 339 1 463 3 347 1 354 2 468 1 359 1 470 1 373 1 381 1 382 1 388 1 391 1 476 2 393 2 477 1 400 2 401 1 406 1 407 1 408 1 410 1 412 1 413 1 414 1 415 1 485 1 416 1 486 1 417 1 489 1 490 1 491 1 428 1 429 1 497 1 501 1 437 1 438 2 439 1 505 2 506 1 507 1 450 1 511 1 514 1 516 2 517 1 518 1 453 2 520 1 540 1 
39 8 51 454 1 522 2 601 1 523 1 690 2 852 1 531 1 534 2 535 1 536 1 538 3 737 1 615 1 704 1 617 1 545 1 780 1 620 1 706 3 773 2 622 1 552 3 553 2 625 1 626 1 709 2 741 1 627 2 628 2 629 1 557 1 558 2 712 1 633 3 561 1 846 2 563 1 567 1 568 1 569 1 716 2 640 1 580 1 581 1 582 2 810 1 585 1 672 1 586 1 587 1 588 2 
40 8 0 
41 9 40 3 2 6 1 10 1 133 1 34 1 137 1 138 1 50 2 54 1 58 1 71 2 73 2 75 1 148 1 154 1 157 1 165 1 167 1 168 1 102 1 170 1 104 1 107 2 114 2 115 1 117 1 118 1 120 1 180 1 123 1 181 1 183 1 184 1 186 1 191 1 195 2 196 1 198 1 199 1 202 1 
42 9 51 326 2 327 2 328 1 336 1 340 1 341 1 343 1 346 1 350 1 352 1 357 1 650 1 591 1 683 1 383 1 384 1 385 1 388 1 391 1 476 1 394 1 396 2 400 2 401 1 403 1 478 1 405 4 482 1 413 1 415 1 654 1 686 2 486 1 417 4 420 1 426 1 428 1 497 1 500 1 437 1 439 1 443 1 504 1 446 2 597 1 507 3 448 1 449 1 450 2 512 1 451 1 
//idTournee nbColis
8 6
//IdColis IdCommandeInColis NbProducts IdProd1 QtyProd1 IdProd2 QtyProd2 ...
43 9 45 519 1 452 3 453 2 454 1 522 5 601 2 525 1 758 2 527 1 834 1 533 1 605 1 534 2 606 1 456 1 539 1 544 2 546 1 550 2 623 1 553 1 626 1 559 3 560 1 633 1 561 1 562 1 637 1 839 2 568 2 806 1 572 1 665 1 717 2 746 2 694 1 719 1 578 1 721 2 722 1 724 2 643 1 645 1 580 1 583 1 
44 9 0 
45 10 32 3 2 24 1 135 1 33 1 38 1 42 1 45 1 52 1 139 1 53 1 140 1 61 1 70 1 74 2 147 1 153 1 162 1 96 1 164 1 166 1 102 4 170 1 174 1 175 1 107 1 117 1 120 1 178 1 123 1 181 1 195 2 124 1 
46 10 56 129 1 522 3 601 1 526 2 527 1 533 1 658 1 535 2 538 1 738 1 780 1 547 1 740 1 629 1 556 1 558 1 559 2 560 1 713 1 633 1 564 1 692 1 762 2 568 1 569 1 574 1 744 1 575 1 746 1 693 1 734 1 767 1 787 1 719 1 722 1 727 1 643 2 645 1 581 2 669 1 646 1 671 1 585 1 793 1 735 1 673 2 332 1 333 1 337 2 340 1 342 1 352 1 362 1 373 1 374 1 376 1 
47 10 38 472 1 592 1 474 1 387 1 390 1 476 1 392 1 396 1 405 2 479 1 409 1 410 1 480 2 414 3 484 1 416 3 417 1 488 1 425 1 426 2 437 1 700 1 505 2 446 1 597 1 506 3 507 1 448 1 450 1 517 1 518 1 519 1 453 1 600 1 539 1 609 1 541 1 542 1 
48 11 39 3 2 132 1 16 1 21 1 136 1 33 1 38 2 43 1 61 1 143 1 68 1 71 1 73 1 146 1 148 1 80 1 152 1 154 1 156 1 162 1 163 1 97 1 168 1 102 1 107 2 114 2 115 1 117 1 118 2 183 1 184 1 185 1 188 1 189 1 190 1 192 1 193 2 194 1 195 1 
//idTournee nbColis
9 6
//IdColis IdCommandeInColis NbProducts IdProd1 QtyProd1 IdProd2 QtyProd2 ...
49 11 50 336 2 337 1 339 1 359 1 650 2 591 1 652 1 374 1 382 1 684 1 400 2 401 2 402 1 403 1 404 1 406 1 414 1 415 2 486 1 417 2 418 1 421 1 422 2 428 1 495 2 656 2 443 1 504 1 505 2 446 2 506 1 507 1 450 1 512 1 657 1 519 2 520 2 600 2 522 2 525 1 526 2 527 1 602 1 535 1 536 1 456 1 607 1 691 1 633 1 561 1 
50 11 25 617 1 546 1 620 1 622 1 710 1 629 2 556 2 558 1 712 1 840 1 567 1 762 1 664 1 715 1 640 1 765 2 785 1 694 1 666 2 721 2 748 1 580 1 672 1 588 3 728 1 
51 12 33 3 2 131 1 15 2 18 1 136 1 39 1 46 1 49 1 50 1 56 1 141 1 142 1 146 1 78 2 81 1 150 1 151 1 89 1 93 1 160 1 161 1 102 1 106 2 175 1 123 1 193 1 200 1 127 2 129 1 203 1 204 1 205 1 337 1 
52 12 49 463 3 348 1 351 1 354 1 468 3 361 1 650 2 470 1 380 1 382 1 677 1 385 1 396 1 400 1 401 1 403 2 406 2 481 1 415 3 654 2 485 1 416 1 486 1 417 1 418 1 655 1 495 1 431 1 596 1 435 1 437 1 503 1 598 2 448 2 510 1 449 1 450 1 511 1 657 1 518 1 452 1 453 1 454 1 689 1 522 4 455 1 456 1 607 1 540 1 
53 12 46 523 1 524 1 527 1 864 1 534 2 538 1 544 1 867 1 618 1 620 3 621 1 739 1 550 1 622 1 708 1 741 1 627 1 628 1 629 1 558 1 631 1 559 3 712 1 561 2 692 1 637 1 567 2 762 2 568 1 571 1 572 1 782 1 640 1 784 1 693 1 694 1 734 1 667 1 720 1 578 3 769 1 721 2 727 1 581 3 790 1 583 2 
54 12 0 
//idTournee nbColis
10 6
//IdColis IdCommandeInColis NbProducts IdProd1 QtyProd1 IdProd2 QtyProd2 ...
55 13 39 3 2 6 1 10 1 133 1 16 1 207 1 17 1 18 1 38 1 209 1 39 1 210 1 44 1 46 1 50 1 53 1 67 1 71 1 80 1 218 1 90 1 220 1 94 1 97 2 167 1 168 1 102 3 107 3 112 1 117 1 118 1 123 1 185 1 230 1 191 1 193 1 231 1 233 1 126 1 
56 13 51 336 1 339 1 341 1 348 1 351 1 355 2 377 1 474 1 391 2 476 1 392 3 394 1 396 1 397 1 400 1 401 2 479 2 480 1 414 1 483 1 485 2 416 1 686 1 489 1 425 1 426 1 427 1 494 1 430 2 434 1 436 1 437 1 438 1 443 2 505 1 506 1 509 1 448 1 449 1 450 1 517 1 688 1 451 1 518 1 453 3 522 4 601 1 523 1 456 2 661 1 524 1 
57 13 35 758 1 527 1 602 1 759 1 797 1 529 3 530 1 658 1 536 1 621 1 622 2 623 1 624 1 626 1 711 1 742 1 629 1 556 1 558 2 761 1 562 1 634 1 664 1 571 1 766 1 694 1 666 1 788 1 721 1 641 1 726 1 580 1 670 3 791 1 672 1 
58 14 37 3 1 206 1 15 1 133 1 20 1 26 1 34 2 35 1 137 1 37 1 39 1 40 1 42 2 53 3 58 1 61 1 69 1 145 1 73 1 148 1 97 2 165 2 104 1 172 1 107 3 109 1 110 1 112 1 117 1 227 1 183 1 185 2 229 1 190 2 236 1 237 1 326 2 
59 14 43 461 1 673 1 331 1 674 1 336 1 337 3 462 1 346 1 348 1 351 1 466 1 355 1 649 1 361 1 366 1 368 1 373 1 380 1 382 3 384 1 592 1 386 1 684 1 387 1 390 1 476 2 392 1 394 4 396 2 400 1 401 1 402 1 429 1 431 2 497 1 433 1 435 1 437 1 438 2 439 1 443 2 403 3 404 1 
60 14 52 405 1 406 3 479 1 409 1 410 2 480 2 412 1 413 1 484 1 654 1 485 1 416 1 417 1 488 1 420 1 425 1 426 1 428 1 503 1 504 1 506 2 508 2 509 1 448 2 510 2 512 2 514 1 517 1 688 1 451 1 518 1 519 1 452 1 453 4 600 1 521 2 522 2 601 2 606 1 536 3 537 1 538 1 702 1 456 2 539 2 540 1 608 1 691 1 541 1 661 2 526 3 758 1 
//idTournee nbColis
11 6
//IdColis IdCommandeInColis NbProducts IdProd1 QtyProd1 IdProd2 QtyProd2 ...
61 14 55 527 1 528 1 529 1 530 1 871 1 604 1 534 1 611 1 737 1 615 2 705 1 760 1 618 2 621 1 550 1 622 1 623 1 707 1 552 1 554 1 708 2 740 1 710 1 629 3 556 2 558 1 559 3 632 1 713 1 633 1 562 1 634 1 564 2 565 1 637 1 831 1 567 1 568 1 569 1 570 1 572 1 753 3 670 1 754 1 790 1 791 1 583 3 792 1 585 1 672 3 587 1 588 2 575 1 765 1 693 1 
62 14 11 694 2 577 2 666 1 767 2 720 2 668 1 721 2 579 1 723 1 724 1 581 3 
63 15 35 3 2 131 1 9 2 12 1 29 1 33 1 40 1 43 1 44 1 46 1 139 1 53 1 68 1 69 2 217 1 75 1 77 1 148 1 82 1 97 1 224 1 172 1 174 1 107 1 226 1 117 2 118 2 120 2 121 1 123 2 181 1 183 1 232 1 124 1 127 1 
64 15 55 459 1 460 2 332 1 337 1 339 1 342 1 464 1 466 2 469 1 368 1 380 1 390 2 476 1 392 1 393 1 394 1 395 1 400 1 478 2 407 1 410 1 414 1 484 3 428 1 495 2 430 1 433 1 505 2 446 1 508 2 448 1 512 1 513 1 519 2 453 2 454 1 521 1 522 1 525 1 526 2 527 1 529 1 530 1 531 2 533 1 534 2 537 1 538 2 542 1 544 2 545 1 561 1 562 1 565 1 566 1 
65 15 46 184 1 185 1 189 1 917 1 927 1 619 1 620 3 706 1 550 1 622 2 708 1 625 1 626 1 555 1 629 2 556 2 558 1 559 1 567 1 664 1 568 2 571 1 572 1 870 1 715 1 574 1 716 1 744 1 693 1 694 2 577 1 747 1 666 1 787 1 721 2 579 2 722 1 752 1 581 2 670 2 809 1 583 2 671 1 792 1 588 2 729 1 
66 15 0 
//idTournee nbColis
12 6
//IdColis IdCommandeInColis NbProducts IdProd1 QtyProd1 IdProd2 QtyProd2 ...
67 16 36 3 2 7 1 131 1 10 1 207 1 18 1 23 1 135 1 27 1 137 1 37 1 211 1 212 1 50 1 53 1 141 1 215 1 62 1 71 1 144 1 73 1 146 1 77 1 148 1 80 1 93 1 223 1 100 1 102 2 106 1 175 1 107 2 109 1 115 1 200 1 404 1 
68 16 47 406 2 479 1 425 2 426 3 427 1 805 3 572 1 640 1 693 1 694 1 695 1 578 1 579 3 724 1 726 1 581 1 808 1 809 1 646 1 583 1 810 1 410 1 415 2 484 1 485 1 486 1 418 2 489 1 491 2 422 1 424 1 505 1 446 1 506 2 449 1 451 1 518 1 453 2 822 1 522 3 601 1 524 1 525 1 526 2 530 1 603 2 533 1 
69 16 47 658 1 534 2 536 2 540 1 457 1 827 1 615 2 544 2 828 1 546 1 547 1 549 1 623 1 552 3 553 1 829 1 629 1 559 1 633 1 562 1 634 1 564 1 774 1 832 1 567 2 588 1 735 1 957 1 123 1 229 1 193 1 195 1 324 1 458 1 326 1 673 2 332 2 674 1 335 1 730 1 338 2 462 1 346 1 464 1 348 1 350 1 649 1 
70 16 21 650 1 676 1 362 1 469 1 366 1 373 1 375 1 472 1 473 1 380 1 592 1 389 2 476 2 392 3 400 3 401 1 402 1 436 1 439 1 443 2 444 1 
71 17 37 3 1 206 1 15 1 133 1 19 2 21 1 24 1 29 1 32 1 38 2 50 2 213 1 54 1 63 2 65 1 73 1 146 1 78 1 80 1 81 1 219 2 222 1 94 1 159 1 162 1 166 1 105 1 172 2 106 1 111 1 117 2 120 1 228 1 181 1 127 2 238 1 403 1 
72 17 47 406 2 656 2 596 1 613 1 614 1 615 1 544 1 738 1 618 3 620 1 548 1 621 2 550 1 551 1 622 1 707 1 552 2 553 1 554 1 740 1 803 1 629 1 630 1 631 1 559 1 632 2 560 3 804 1 563 1 564 1 692 2 566 1 762 2 806 1 570 1 807 2 574 2 776 1 693 1 766 1 577 1 696 2 747 1 666 4 720 1 578 1 668 1 
//idTournee nbColis
13 6
//IdColis IdCommandeInColis NbProducts IdProd1 QtyProd1 IdProd2 QtyProd2 ...
73 17 45 407 2 479 1 408 2 409 1 410 3 480 1 481 1 412 1 484 1 654 2 418 2 490 1 420 1 422 3 493 1 495 4 446 1 597 1 506 1 598 1 507 3 510 3 450 1 519 1 452 1 454 1 600 2 522 4 690 1 525 2 526 3 602 2 759 1 532 3 798 1 533 1 535 2 536 1 538 1 455 1 456 2 607 1 539 1 660 1 691 1 
74 17 36 183 1 184 1 185 2 973 1 324 1 325 2 461 1 332 1 339 1 349 3 353 1 467 1 649 1 650 1 676 1 366 1 471 2 368 1 369 1 373 1 473 1 379 2 380 1 383 3 384 1 592 1 475 1 389 1 396 2 401 3 435 1 436 2 437 1 439 1 440 6 502 1 
75 17 0 
76 18 41 3 2 7 1 10 1 11 1 208 2 29 1 39 1 43 1 44 1 214 2 140 1 64 1 67 1 68 1 216 1 71 1 144 1 145 1 146 1 77 1 79 1 89 1 90 1 221 1 93 1 161 1 165 1 167 1 105 1 174 1 225 1 112 2 116 1 117 2 118 2 196 1 234 1 235 1 127 1 204 1 412 2 
77 18 51 413 1 415 2 484 1 654 1 485 2 416 3 487 1 488 1 420 2 655 1 620 1 623 1 707 1 552 1 624 2 837 1 553 3 626 1 740 1 709 1 628 2 742 1 629 2 839 1 840 1 568 2 569 1 573 1 574 1 640 1 665 1 696 1 747 2 767 2 720 1 579 1 789 2 723 1 724 2 725 1 643 1 581 1 582 1 809 1 646 3 791 1 584 1 800 1 588 1 686 1 680 1 
78 18 50 597 2 507 1 448 2 449 1 450 3 512 1 821 1 514 1 516 1 517 1 451 1 452 2 453 1 600 3 522 2 601 1 526 2 602 1 603 1 658 2 534 2 731 1 536 2 538 1 455 1 703 2 607 1 540 2 825 2 609 1 691 1 826 2 814 1 612 1 704 1 544 2 545 3 546 1 547 1 559 3 712 1 632 1 560 3 633 1 761 1 561 1 804 1 562 1 635 2 968 1 
//idTournee nbColis
14 6
//IdColis IdCommandeInColis NbProducts IdProd1 QtyProd1 IdProd2 QtyProd2 ...
79 18 50 293 1 183 1 970 1 186 1 188 1 230 1 191 1 900 1 918 1 325 1 673 1 332 1 339 1 343 1 910 1 347 1 468 1 469 1 651 1 366 1 370 1 373 1 374 1 375 2 378 1 380 1 384 2 476 1 398 2 400 1 401 1 403 2 405 1 406 1 409 1 410 1 422 1 426 2 428 1 429 1 496 1 431 1 499 1 436 2 438 2 439 1 441 1 979 1 502 1 443 1 
80 18 0 
81 19 33 3 2 7 1 131 1 240 1 12 1 133 1 24 2 31 1 33 1 38 1 53 1 54 2 215 1 61 1 64 1 68 1 71 1 250 1 81 1 252 1 218 1 96 1 255 2 166 1 167 1 102 2 175 1 107 2 108 1 116 1 118 2 179 1 123 2 
82 19 49 204 1 325 1 328 2 673 1 332 1 338 1 339 1 464 1 353 1 361 1 362 2 363 1 368 1 472 1 378 1 380 1 382 1 384 1 386 1 396 1 397 1 398 1 401 1 402 1 405 2 406 1 407 1 479 2 409 1 410 1 413 1 414 1 594 1 595 1 417 2 487 1 489 1 419 2 425 1 426 3 428 1 679 1 431 2 437 1 439 3 443 1 505 1 446 1 506 2 
83 19 56 447 1 507 1 509 1 448 2 510 2 450 1 514 1 517 1 688 2 518 1 522 2 601 1 523 1 524 1 525 1 526 2 527 1 530 1 604 1 606 1 535 1 608 3 609 1 612 1 760 1 550 1 622 1 707 1 708 1 741 1 829 1 628 1 557 3 558 2 559 1 712 1 632 1 804 1 562 1 571 2 572 1 715 1 574 1 820 1 665 1 721 1 748 1 789 1 723 1 750 1 856 1 752 1 580 2 581 1 582 1 583 2 
84 19 14 588 1 793 1 182 1 185 2 229 1 188 1 191 1 192 1 193 1 974 1 124 1 785 1 776 2 788 1 
//idTournee nbColis
15 6
//IdColis IdCommandeInColis NbProducts IdProd1 QtyProd1 IdProd2 QtyProd2 ...
85 20 34 3 1 131 1 10 1 20 2 135 1 31 1 241 1 49 1 54 1 245 2 59 1 142 1 64 1 68 1 69 1 70 1 71 1 144 1 145 1 73 1 147 1 149 1 220 1 253 1 155 1 104 1 105 1 106 1 258 1 107 1 109 1 116 1 118 2 177 2 
86 20 48 392 4 393 1 396 2 400 3 401 2 402 2 403 1 480 1 492 1 430 1 496 1 432 1 596 1 435 2 437 1 439 3 716 2 783 1 785 1 776 1 693 1 766 1 696 2 734 1 787 1 721 2 579 1 749 1 727 1 644 2 645 1 580 1 753 1 582 2 646 4 791 1 583 2 584 1 792 1 585 2 672 1 587 2 653 1 412 1 414 1 415 1 484 1 485 2 
87 20 52 416 1 595 1 486 1 417 1 489 1 491 1 422 1 505 1 506 2 447 1 507 1 509 1 510 3 454 1 522 2 601 2 526 1 527 1 602 2 797 1 530 3 531 1 605 1 606 2 535 1 539 1 612 1 620 2 706 1 621 1 836 1 622 2 552 1 708 1 626 1 838 1 555 1 557 1 558 1 559 1 632 2 633 1 561 1 634 1 635 1 565 1 588 1 793 2 158 1 99 1 255 1 166 1 
88 20 33 227 1 122 1 123 1 887 1 186 1 187 1 194 1 197 1 893 1 234 1 236 1 326 2 327 1 331 2 336 1 340 1 342 1 346 1 349 2 649 1 650 2 954 1 366 1 368 1 373 2 382 2 385 1 387 1 389 2 390 3 391 1 476 1 443 1 
89 20 0 
90 21 34 3 2 6 1 9 1 239 1 24 2 136 1 34 1 38 1 49 1 50 2 53 2 246 1 247 1 248 1 249 1 73 1 251 1 147 1 83 1 149 1 87 1 153 1 254 1 157 1 97 1 98 1 167 2 170 1 175 1 108 3 260 1 114 1 117 1 118 1 
//idTournee nbColis
16 6
//IdColis IdCommandeInColis NbProducts IdProd1 QtyProd1 IdProd2 QtyProd2 ...
91 21 36 129 2 204 1 398 1 400 1 401 1 403 3 406 4 479 4 429 1 431 1 436 2 715 1 716 1 640 1 665 1 784 1 694 2 695 1 666 2 767 1 719 2 788 1 578 2 748 2 579 1 789 1 752 2 645 2 753 1 754 1 582 2 790 2 480 1 653 2 412 3 413 1 
92 21 41 654 1 485 2 686 1 486 2 418 1 489 1 420 2 421 1 492 1 423 2 425 3 426 4 428 2 680 1 597 1 506 1 447 1 507 1 599 1 450 2 821 1 514 1 517 1 688 1 701 1 519 2 453 1 520 1 522 3 456 2 703 2 659 1 825 2 608 2 609 1 691 1 826 2 526 2 528 1 759 1 797 1 
93 21 46 530 2 834 1 536 3 537 1 538 1 814 1 612 2 615 3 704 1 738 1 547 1 619 1 623 2 708 1 860 1 740 1 803 1 710 1 627 2 711 1 559 1 632 1 633 2 561 1 804 1 635 1 563 2 564 3 692 1 565 1 840 1 567 2 762 1 572 1 807 1 857 1 672 1 587 1 588 4 728 1 793 1 729 2 120 1 317 1 184 1 888 1 
94 21 40 190 1 319 1 900 1 321 1 198 1 892 1 202 1 236 1 127 1 325 2 461 1 329 1 673 1 336 1 337 1 338 1 340 2 347 1 349 2 356 1 649 1 361 1 591 1 651 1 366 1 373 1 374 1 376 1 378 1 380 1 381 1 677 1 387 1 390 1 391 1 392 3 393 2 437 1 439 3 443 2 
95 21 0 
96 22 34 3 2 6 1 131 1 132 1 207 1 20 1 26 1 32 1 244 1 137 1 38 1 39 1 40 1 43 1 46 1 59 1 61 1 143 1 65 1 66 2 68 1 70 1 145 1 74 1 251 1 77 1 222 1 157 2 257 1 172 1 175 1 107 3 259 1 117 2 
//idTournee nbColis
17 6
//IdColis IdCommandeInColis NbProducts IdProd1 QtyProd1 IdProd2 QtyProd2 ...
97 22 48 396 2 398 1 400 1 401 1 406 2 593 1 409 1 410 1 480 1 412 5 413 2 415 1 483 1 484 1 419 1 420 1 422 1 428 1 433 1 435 1 567 2 762 2 568 3 569 1 571 1 782 1 716 1 640 1 575 1 785 1 776 1 577 1 666 1 720 1 579 3 750 1 726 1 645 2 580 1 670 3 582 1 646 1 583 2 671 2 585 2 588 4 416 3 595 1 
98 22 42 686 2 417 2 490 2 503 1 446 2 447 1 507 2 448 1 701 1 518 4 519 1 452 5 453 2 522 3 524 1 526 1 530 2 534 1 535 1 538 2 702 1 736 1 541 1 611 1 546 1 549 1 622 4 552 2 554 1 626 1 740 1 742 1 629 4 630 1 559 3 632 1 633 1 562 1 634 1 563 2 692 1 637 1 
99 22 36 96 2 97 1 165 2 167 1 168 1 120 2 182 1 185 1 229 1 193 1 194 1 124 1 197 1 200 1 235 1 205 1 346 1 347 1 351 1 353 1 356 1 361 1 650 4 676 1 591 1 371 1 473 1 380 1 382 1 384 3 592 1 474 1 476 1 392 3 394 2 438 1 
100 22 0 
101 23 34 3 2 133 1 17 1 34 1 137 2 209 1 39 2 40 1 210 1 44 1 46 1 54 2 58 1 61 1 66 1 68 1 146 1 81 1 219 1 89 1 160 1 98 2 165 1 256 1 102 2 104 1 105 1 106 2 175 1 107 1 226 1 112 1 114 1 115 1 
102 23 42 116 1 326 2 461 1 673 1 331 1 332 2 336 3 340 2 462 4 344 1 675 1 346 1 348 2 466 1 355 1 366 1 368 1 373 2 379 1 383 1 389 1 476 2 392 2 394 1 397 1 400 1 401 3 403 1 406 1 479 2 480 1 413 2 421 1 422 1 425 1 426 3 427 1 494 1 431 1 596 1 435 1 436 1 
//idTournee nbColis
18 6
//IdColis IdCommandeInColis NbProducts IdProd1 QtyProd1 IdProd2 QtyProd2 ...
103 23 46 437 1 438 1 414 1 654 2 416 2 686 1 486 2 417 4 418 1 505 1 446 2 597 2 447 1 599 1 687 1 450 2 512 1 701 1 451 1 518 2 452 4 522 4 601 2 526 3 758 1 602 1 529 1 603 1 604 1 658 1 534 2 536 3 538 2 456 2 607 1 539 2 608 1 609 1 610 1 737 1 615 2 704 2 544 1 559 1 712 2 560 1 
104 23 50 633 1 561 1 183 1 959 1 184 1 185 2 186 1 188 1 191 2 193 1 195 1 892 1 237 1 927 1 546 2 815 1 621 2 550 1 623 1 552 2 625 1 741 1 629 1 556 2 557 1 558 1 818 1 631 1 839 1 840 3 567 1 569 2 571 1 744 2 717 1 785 1 693 1 766 1 577 1 666 2 667 1 769 2 579 2 789 1 750 1 726 1 580 2 581 1 753 1 670 1 
105 23 0 
106 24 36 3 2 131 2 133 1 207 1 208 1 23 2 30 1 242 2 32 1 243 1 42 1 211 1 49 1 53 2 54 1 140 1 59 1 215 1 66 1 69 2 216 1 144 1 76 1 77 2 86 1 89 1 154 1 93 1 94 1 107 1 112 2 114 1 116 1 117 1 361 3 591 1 
107 24 49 470 1 652 2 377 2 755 1 756 1 476 1 392 4 393 1 400 1 401 1 403 4 406 2 427 1 428 1 496 1 431 1 433 1 501 1 435 2 437 1 439 1 443 1 410 3 480 1 412 2 413 1 415 1 486 2 417 4 489 1 490 1 420 2 422 1 425 1 426 2 503 1 504 1 446 2 597 1 506 1 681 4 509 1 687 2 511 1 514 1 515 1 517 1 688 2 451 1 
108 24 56 518 1 452 5 453 1 689 2 522 4 601 1 524 1 823 1 525 1 526 3 731 1 535 1 536 1 538 1 824 1 659 2 539 1 736 1 691 1 661 1 826 1 797 1 529 1 603 1 544 1 738 2 547 1 621 1 623 1 552 1 624 1 553 1 860 1 740 1 741 1 627 1 711 1 742 1 629 1 556 1 869 1 560 3 561 1 562 1 635 1 564 1 565 1 637 1 873 1 840 1 762 3 806 1 571 2 572 1 744 2 575 1 
//idTournee nbColis
19 6
//IdColis IdCommandeInColis NbProducts IdProd1 QtyProd1 IdProd2 QtyProd2 ...
109 24 41 717 1 765 2 776 2 693 1 747 1 666 1 767 2 719 1 720 3 578 1 768 1 579 2 641 1 725 1 751 1 644 1 645 1 646 1 583 1 810 2 585 1 588 2 728 1 729 1 735 1 96 1 97 1 256 1 101 2 102 1 178 1 182 1 959 1 186 1 900 1 195 1 321 1 892 3 238 1 203 1 204 1 
110 24 19 205 2 325 3 327 1 461 2 673 1 332 2 338 1 340 2 910 1 354 1 355 1 468 1 359 1 472 1 473 1 379 1 382 1 677 3 385 1 
111 24 0 
112 25 32 3 2 7 1 10 1 17 1 23 2 26 1 33 1 35 1 40 2 42 2 138 1 56 1 142 1 63 1 71 1 221 1 157 1 95 1 160 1 272 1 98 1 102 1 105 1 106 1 175 1 107 2 225 1 114 1 115 1 116 1 176 1 119 1 
113 25 52 460 2 339 1 342 1 463 1 347 2 352 1 355 1 356 2 650 1 370 3 375 1 395 1 396 1 398 2 400 1 408 1 410 1 480 1 413 1 415 1 484 1 594 1 485 1 486 1 417 2 487 1 490 1 421 1 423 2 425 1 426 1 494 1 499 1 433 1 438 3 439 1 441 1 443 1 504 1 505 2 507 1 509 1 449 1 517 1 452 1 453 1 520 1 600 1 521 1 522 4 456 1 607 1 
114 25 47 661 1 96 1 163 1 957 1 293 1 907 1 183 1 186 1 888 1 229 1 908 1 195 1 124 1 199 2 127 1 130 1 601 1 523 1 690 2 602 1 528 1 603 1 604 1 534 2 612 1 615 3 544 1 739 1 622 2 623 1 553 1 625 1 741 1 558 1 633 1 804 1 563 1 565 1 714 1 762 1 568 2 572 2 744 1 776 1 694 1 719 1 578 1 
//idTournee nbColis
20 6
//IdColis IdCommandeInColis NbProducts IdProd1 QtyProd1 IdProd2 QtyProd2 ...
115 25 0 
116 26 33 3 2 6 1 263 1 264 1 135 1 267 1 241 1 32 1 34 1 39 1 40 1 42 1 49 1 53 2 54 2 142 1 69 1 74 1 220 1 154 1 158 1 159 1 255 1 165 1 224 1 102 2 103 1 104 1 106 2 175 2 107 2 117 2 325 1 
117 26 55 335 1 336 1 338 1 339 2 341 1 342 2 463 1 346 1 350 1 354 2 359 1 676 1 362 1 469 1 367 1 372 1 377 1 382 1 393 1 396 1 399 1 400 2 401 2 406 2 653 1 412 2 414 1 415 3 654 1 416 1 595 1 487 1 678 1 421 1 422 1 493 1 426 1 679 1 495 1 429 1 431 1 596 1 439 1 441 1 680 1 504 1 446 1 447 1 507 1 681 1 448 1 510 2 450 3 682 1 513 1 
118 26 55 657 1 454 1 521 1 522 3 524 1 526 1 527 1 528 1 759 1 603 1 532 2 798 1 534 2 535 1 536 1 824 1 608 1 611 1 615 1 704 1 544 1 738 1 780 1 546 1 618 1 547 1 619 1 706 1 550 1 551 1 622 1 552 1 553 3 708 1 829 1 742 1 629 2 557 2 632 1 853 1 713 1 633 3 761 1 564 1 854 1 567 1 806 1 743 2 570 1 571 1 807 1 791 1 810 1 588 1 98 1 
119 26 33 99 1 123 1 887 1 186 1 888 1 187 1 189 1 193 1 196 1 200 1 236 1 895 1 237 1 204 1 716 2 744 1 820 1 785 2 718 1 695 1 787 1 667 1 578 1 748 1 579 1 642 1 726 1 752 1 643 1 580 1 581 1 753 1 754 1 
120 26 0 
//idTournee nbColis
21 6
//IdColis IdCommandeInColis NbProducts IdProd1 QtyProd1 IdProd2 QtyProd2 ...
121 27 30 3 3 8 1 9 1 10 1 207 1 17 1 208 1 20 2 265 1 266 1 241 1 50 3 53 2 58 1 59 1 60 1 61 1 69 1 216 1 73 1 74 1 252 1 273 1 106 2 175 1 107 3 274 1 112 1 116 1 176 1 
122 27 34 324 1 331 2 334 3 335 2 338 1 339 1 341 3 344 1 354 1 357 1 366 1 367 2 373 1 374 2 378 1 385 1 392 4 393 3 394 2 399 1 400 3 404 1 407 2 409 1 410 2 420 2 421 1 422 1 424 1 435 1 437 1 441 1 443 2 445 1 
123 27 50 653 1 412 2 414 1 485 2 503 1 505 2 597 1 687 1 450 1 512 1 513 1 515 2 516 3 688 2 451 1 519 1 452 1 453 1 600 1 522 3 601 2 523 1 526 3 758 1 529 1 530 3 603 1 531 1 536 1 607 1 457 1 778 1 542 1 737 1 615 1 544 1 705 1 738 1 619 1 739 2 773 2 622 1 624 1 625 1 741 1 559 1 804 1 562 1 692 2 831 1 
124 27 40 160 1 162 1 955 1 102 4 171 2 952 1 183 1 185 1 189 1 319 1 193 1 320 1 321 1 237 1 204 1 205 1 839 1 639 1 743 1 569 1 571 1 744 1 665 1 775 1 693 1 766 1 747 2 666 1 667 2 720 1 748 1 789 1 723 1 642 1 580 1 753 1 582 2 584 1 585 1 588 2 
125 27 0 
126 28 32 3 1 9 2 206 1 10 1 262 1 12 1 18 1 23 1 265 1 31 1 32 1 243 1 35 1 43 1 268 1 52 1 214 1 245 1 62 1 65 2 69 1 269 1 270 1 75 1 149 1 90 1 91 1 271 1 154 2 112 2 114 1 116 1 
//idTournee nbColis
22 6
//IdColis IdCommandeInColis NbProducts IdProd1 QtyProd1 IdProd2 QtyProd2 ...
127 28 30 730 2 337 2 339 1 341 2 462 2 359 1 361 2 650 4 362 1 469 2 591 1 373 1 472 1 473 1 379 2 382 1 383 1 385 1 592 1 390 1 476 1 393 1 436 3 438 5 439 2 443 3 693 2 576 1 577 2 734 1 
128 28 49 666 2 396 2 397 1 398 3 400 4 401 4 403 2 404 1 405 2 406 1 409 1 411 1 481 1 482 1 413 2 415 1 654 1 485 2 416 1 417 1 487 1 489 1 490 1 420 2 491 1 426 2 427 1 430 1 431 1 432 1 596 1 433 1 501 1 504 1 505 1 597 1 508 1 509 3 448 2 777 1 510 2 449 1 511 1 513 1 514 2 516 2 517 1 609 1 778 1 
129 28 44 779 3 661 2 519 1 850 1 453 3 822 4 600 2 521 1 522 4 601 1 524 1 526 3 758 1 851 1 852 1 531 2 533 2 658 4 534 1 536 2 538 1 659 3 539 2 611 1 858 1 612 1 704 1 544 1 738 1 780 1 828 1 546 1 620 2 549 2 706 3 550 1 629 1 630 1 556 1 859 1 558 2 559 2 733 1 560 1 
130 28 42 562 3 635 2 564 1 773 2 622 2 623 2 552 1 624 3 877 1 708 2 626 1 860 1 741 1 627 2 876 1 762 2 568 2 572 3 744 2 745 1 765 1 775 1 784 1 785 3 746 2 787 1 719 1 667 3 879 1 768 1 721 1 724 1 645 1 753 1 670 3 582 3 790 2 583 1 857 2 810 3 672 1 588 1 
131 28 37 728 1 793 1 729 2 735 1 157 1 307 1 282 2 161 1 97 2 165 2 224 2 933 1 168 1 914 1 104 1 172 1 109 1 110 1 111 1 260 1 952 1 178 1 122 1 184 1 185 1 186 1 319 1 900 1 902 1 196 1 321 1 199 1 237 1 129 1 296 1 460 3 332 1 
132 28 2 589 1 336 2 
//idTournee nbColis
23 6
//IdColis IdCommandeInColis NbProducts IdProd1 QtyProd1 IdProd2 QtyProd2 ...
133 29 32 3 1 7 1 8 1 9 2 240 1 261 1 23 1 26 2 27 1 32 1 34 2 35 1 42 1 43 1 52 1 65 1 66 1 69 1 74 1 217 1 270 1 77 1 79 1 82 1 86 1 90 1 174 2 107 2 114 1 116 1 118 1 361 1 
134 29 54 650 2 373 1 374 1 389 1 390 1 391 1 392 3 393 1 394 2 396 2 398 2 400 2 401 1 405 1 479 1 480 1 481 1 413 1 484 1 654 1 416 1 489 1 420 1 423 1 424 1 426 2 428 1 431 1 438 1 439 1 443 1 567 1 762 1 664 1 569 1 570 1 571 1 574 1 716 2 764 1 765 2 746 1 767 1 667 1 668 2 768 1 769 1 642 1 726 1 727 1 645 1 581 1 670 1 417 1 
135 29 54 503 1 680 1 505 1 506 1 681 1 508 2 509 2 448 1 510 3 449 2 450 1 513 1 688 1 451 1 519 3 453 2 822 1 521 1 522 2 601 1 526 2 758 1 531 1 658 3 534 2 606 1 536 1 538 3 607 1 540 1 608 1 541 1 682 1 661 1 612 1 704 1 780 1 546 1 739 1 623 1 626 1 709 1 555 1 627 1 628 1 629 1 556 2 559 2 733 1 560 1 633 2 561 1 562 2 637 2 
136 29 37 282 1 162 1 99 1 956 1 283 1 255 1 165 2 168 1 102 3 104 1 182 1 185 1 191 1 192 1 193 1 902 1 195 1 124 1 196 1 200 1 961 1 236 1 895 1 324 1 325 4 333 2 337 1 338 1 339 1 462 2 347 1 348 1 354 1 468 1 379 2 384 1 387 1 
137 29 0 
138 30 32 3 2 7 1 131 1 8 1 9 1 12 1 263 1 132 1 15 2 16 1 18 2 24 1 134 1 136 2 33 1 38 1 43 1 50 2 53 1 54 3 58 1 148 1 80 1 81 1 84 1 89 2 90 1 174 1 175 1 107 3 108 1 176 1 
//idTournee nbColis
24 6
//IdColis IdCommandeInColis NbProducts IdProd1 QtyProd1 IdProd2 QtyProd2 ...
139 30 43 353 1 676 1 366 1 370 1 380 1 382 1 390 1 476 1 396 1 401 1 403 1 406 1 593 1 407 1 408 1 481 1 412 1 413 1 414 1 415 1 485 1 417 2 678 1 421 1 422 1 424 2 495 3 436 1 443 1 665 1 577 1 747 2 720 2 721 1 748 1 579 1 750 1 795 1 446 1 507 2 508 3 448 3 512 1 
140 30 46 701 1 518 1 519 2 452 2 520 1 600 1 522 4 526 2 602 1 528 1 797 1 532 2 533 1 534 2 536 3 607 1 737 1 616 1 738 1 622 1 623 1 848 1 552 2 629 2 556 1 559 3 633 1 637 1 567 2 714 1 762 1 568 2 570 1 571 1 572 1 763 1 726 1 580 3 584 2 588 3 793 1 223 1 95 1 97 1 255 2 167 1 
141 30 23 102 4 105 1 173 1 106 2 179 1 182 1 185 1 888 1 190 1 191 1 192 1 124 1 322 1 204 1 324 1 459 2 325 1 326 2 673 2 332 1 338 1 341 1 385 1 
142 30 0 
143 31 29 3 2 9 2 10 1 13 2 263 1 132 1 18 1 20 1 265 1 31 1 33 2 34 1 209 1 43 1 44 1 50 1 276 1 67 1 72 1 73 3 74 2 270 1 280 1 89 1 90 2 112 1 115 1 116 2 118 2 
144 31 41 324 2 329 1 333 1 336 3 337 1 340 2 342 2 343 1 347 1 349 2 354 1 356 1 358 1 359 2 368 2 370 1 377 2 379 2 380 1 384 1 385 1 389 3 391 1 392 1 397 1 399 1 400 2 401 3 403 2 406 1 426 3 428 3 430 1 431 1 433 1 434 1 436 1 437 1 438 2 440 1 441 2 
//idTournee nbColis
25 6
//IdColis IdCommandeInColis NbProducts IdProd1 QtyProd1 IdProd2 QtyProd2 ...
145 31 39 409 1 410 1 480 3 412 1 414 3 415 4 654 1 416 1 417 1 420 1 423 2 424 1 504 1 505 2 446 1 507 2 448 1 687 2 510 3 449 1 450 2 513 1 517 2 452 5 453 2 522 3 690 1 525 1 526 2 602 1 533 2 534 3 535 3 536 3 538 1 456 2 608 1 609 1 542 1 
146 31 51 759 1 797 1 529 2 530 1 603 1 852 1 531 2 834 1 544 2 760 1 545 2 546 2 618 2 619 1 706 1 739 1 550 1 773 1 552 1 553 1 709 2 845 1 557 2 558 2 559 1 733 1 712 1 632 2 560 1 562 1 634 1 663 1 637 2 567 2 568 2 639 1 571 1 572 1 715 1 640 1 575 1 724 1 726 2 727 2 754 1 582 1 809 1 646 1 583 1 847 1 793 1 
147 31 35 220 1 221 1 253 1 155 1 254 1 157 1 160 1 162 2 255 1 100 1 102 3 103 1 104 1 106 1 174 1 107 3 274 1 123 1 318 1 185 1 230 1 319 1 191 1 321 1 235 1 746 1 776 2 694 1 577 2 696 1 666 2 769 1 721 1 579 1 722 2 
148 31 0 
149 32 28 3 2 8 1 9 2 10 1 133 1 20 1 24 2 28 1 267 1 241 1 243 1 137 2 210 3 211 1 49 2 50 1 52 1 214 1 67 1 69 1 71 1 250 1 278 1 77 1 78 2 82 1 281 1 118 1 
150 32 38 324 1 327 1 336 3 337 1 341 1 349 1 350 1 354 1 361 1 363 1 369 2 373 1 382 1 384 3 385 2 386 1 388 1 389 1 393 3 394 2 396 3 397 1 400 4 401 5 406 2 408 1 411 2 420 2 425 1 426 4 427 1 428 1 432 1 435 1 437 1 439 3 442 1 443 1 
//idTournee nbColis
26 6
//IdColis IdCommandeInColis NbProducts IdProd1 QtyProd1 IdProd2 QtyProd2 ...
151 32 48 653 2 412 1 415 1 484 1 417 2 488 1 489 1 490 1 503 1 505 1 446 1 506 1 447 1 507 1 508 1 509 1 687 1 450 1 513 2 514 2 833 1 452 3 453 5 520 1 689 1 521 1 522 4 690 3 525 1 526 3 602 2 531 2 834 1 535 1 536 1 538 2 539 1 691 2 541 1 610 1 738 3 631 1 559 2 563 1 774 1 566 1 637 1 831 1 
152 32 40 773 1 707 1 627 1 878 1 762 4 664 1 571 2 716 1 744 2 734 1 666 1 767 1 720 1 769 1 723 1 751 1 727 1 644 1 580 1 581 1 753 1 582 1 583 2 671 2 810 1 585 1 800 1 588 2 793 1 91 1 155 1 223 2 161 1 272 1 162 1 100 2 167 1 102 3 170 1 104 1 
153 32 25 106 2 107 2 225 1 111 1 117 1 121 1 921 1 184 1 185 1 947 1 900 1 908 1 889 1 894 1 202 1 296 1 546 1 620 2 621 1 739 2 629 1 557 1 859 1 558 1 950 1 
154 32 0 
155 33 31 3 2 6 1 131 2 10 1 132 1 17 1 18 2 23 1 243 1 35 2 210 1 43 1 44 1 46 2 51 1 54 1 64 1 70 1 71 1 72 1 277 1 73 2 146 1 76 1 80 1 149 1 89 1 253 1 222 1 106 2 259 1 
156 33 43 324 1 325 1 336 1 337 1 339 2 341 1 342 3 345 1 346 1 348 1 351 1 352 1 353 1 354 1 358 2 360 1 361 2 363 1 365 1 372 1 373 1 377 1 380 1 382 1 384 1 386 1 388 2 389 1 391 1 394 2 398 1 400 2 401 3 402 1 403 1 405 1 406 2 429 1 435 1 436 1 439 2 442 2 443 1 
//idTournee nbColis
27 6
//IdColis IdCommandeInColis NbProducts IdProd1 QtyProd1 IdProd2 QtyProd2 ...
157 33 46 444 1 407 1 479 3 411 1 480 1 414 1 483 1 654 1 485 1 416 2 595 1 486 1 418 1 419 1 420 1 425 2 426 2 428 1 700 2 680 1 811 1 446 2 506 1 447 1 510 1 450 2 452 3 453 3 520 1 454 1 522 4 601 1 523 1 526 2 533 2 535 1 536 3 455 1 456 2 607 1 659 2 540 1 608 1 541 1 682 1 813 1 
158 33 53 530 1 603 1 531 2 827 1 615 1 738 1 618 2 547 1 619 1 621 1 550 2 622 1 623 1 553 2 625 1 555 1 710 1 627 1 628 1 711 1 629 1 558 1 631 1 559 1 712 2 560 1 761 1 635 1 564 1 692 1 714 2 762 2 568 2 572 1 744 1 765 1 748 2 722 1 642 1 643 1 581 1 753 1 670 2 808 1 646 1 857 2 810 1 874 1 672 1 587 1 588 2 793 1 729 1 
159 33 30 158 2 926 2 96 1 99 1 255 1 100 1 102 4 951 1 103 1 292 1 121 1 957 1 958 1 907 1 183 1 184 1 186 1 960 1 230 1 193 1 194 1 892 1 199 1 200 1 127 1 297 1 746 1 666 2 788 1 720 1 
160 33 0 
161 34 48 3 2 240 1 10 1 24 1 265 1 137 1 65 1 278 1 146 1 279 1 154 1 163 1 98 1 283 1 100 1 104 1 105 1 107 1 118 1 230 1 196 1 197 1 129 1 460 1 463 3 352 1 356 1 650 1 396 1 397 1 407 1 479 1 412 1 416 2 417 1 419 1 422 1 426 1 438 1 446 1 506 1 598 2 507 1 599 1 510 1 514 2 452 2 521 2 
162 34 27 522 2 530 2 532 1 659 1 662 1 618 1 621 1 551 1 622 1 629 1 559 1 560 1 561 1 664 1 639 1 665 1 666 2 667 1 668 1 579 1 641 1 669 1 670 2 671 1 585 1 672 2 588 2 
//idTournee nbColis
28 6
//IdColis IdCommandeInColis NbProducts IdProd1 QtyProd1 IdProd2 QtyProd2 ...
163 35 31 3 1 9 1 12 1 132 1 15 2 133 2 16 1 207 1 25 2 265 1 266 1 32 1 33 1 38 3 209 1 45 1 48 1 50 1 53 2 54 2 275 1 246 1 60 2 277 1 250 1 73 2 217 1 146 1 148 1 81 2 149 1 
164 35 32 215 2 61 1 66 2 67 1 68 1 314 1 216 1 70 1 71 1 90 1 154 1 221 1 291 1 307 1 98 2 165 1 167 1 102 1 107 3 108 1 109 1 274 1 260 1 115 1 117 1 122 1 183 2 318 2 199 2 323 1 127 2 129 1 
165 35 31 326 2 461 3 673 1 331 4 674 2 337 2 340 1 341 3 347 3 466 1 359 1 651 1 366 1 652 2 373 2 379 2 380 1 381 1 677 1 384 1 389 2 392 2 395 1 396 3 400 1 401 4 402 3 500 1 437 1 438 1 439 2 
166 35 37 443 2 403 2 478 3 404 1 406 2 479 1 409 1 410 3 480 1 481 2 482 1 413 1 415 3 484 1 654 2 485 2 416 3 417 3 488 2 418 1 489 1 420 2 655 1 426 9 427 2 428 1 429 1 431 3 680 1 504 2 505 1 446 2 597 2 506 2 509 1 450 4 541 2 
167 35 42 778 2 542 1 512 1 516 2 701 1 451 1 518 2 452 1 453 3 822 2 454 2 689 1 522 5 601 3 526 5 758 2 529 2 531 1 534 3 731 1 606 1 536 1 538 1 456 1 539 2 540 1 608 1 691 1 827 1 615 1 704 1 544 1 738 1 559 4 733 1 712 2 560 1 633 3 761 2 562 1 634 1 663 2 
168 35 37 635 4 566 1 637 1 618 2 547 1 619 3 550 2 553 1 708 1 626 1 860 2 740 1 627 1 829 1 628 1 742 1 629 4 557 1 859 1 839 4 840 1 567 1 568 2 569 1 572 1 763 1 715 2 574 2 716 2 640 1 744 2 642 1 581 1 863 1 670 7 646 3 583 2 
//idTournee nbColis
29 6
//IdColis IdCommandeInColis NbProducts IdProd1 QtyProd1 IdProd2 QtyProd2 ...
169 35 30 587 3 588 2 729 1 185 2 229 2 188 1 230 2 192 1 908 1 785 1 693 4 576 1 577 2 696 2 734 1 666 3 767 2 787 1 667 1 788 1 578 3 668 2 721 1 748 2 579 2 749 1 750 1 725 1 856 1 980 1 
170 35 0 
171 36 36 4 2 131 1 10 1 23 1 135 1 29 1 33 1 137 1 38 1 210 1 211 1 51 1 58 1 71 1 147 1 148 1 154 1 282 1 99 1 168 1 102 4 104 1 106 2 174 1 175 2 107 1 109 1 116 1 117 1 176 1 228 1 126 1 199 1 128 1 204 1 332 1 
172 36 50 335 1 336 1 341 1 464 1 354 1 356 1 468 1 359 1 367 1 373 1 393 1 400 1 401 2 406 1 479 1 412 1 484 1 595 1 686 1 422 2 492 1 425 2 431 1 432 1 439 1 440 3 443 1 503 2 505 2 598 1 507 2 687 1 512 1 516 1 517 1 688 2 519 1 452 3 453 2 454 1 522 2 523 1 690 2 527 1 534 2 535 1 536 2 539 1 691 1 541 1 
173 36 31 293 1 182 1 295 1 603 1 738 1 546 2 618 1 619 1 549 1 621 1 836 1 552 2 624 2 741 1 628 1 629 1 556 2 559 1 564 3 762 1 664 1 746 1 693 2 696 1 578 1 721 1 856 1 581 3 583 1 586 1 588 1 
174 37 32 4 2 6 2 284 1 9 2 286 1 12 1 132 1 20 2 24 1 135 1 27 1 31 1 136 1 33 1 36 1 38 1 51 1 213 1 214 1 143 1 65 1 68 1 69 1 71 1 218 1 89 1 260 1 114 1 115 1 116 1 117 1 118 2 
//idTournee nbColis
30 6
//IdColis IdCommandeInColis NbProducts IdProd1 QtyProd1 IdProd2 QtyProd2 ...
175 37 45 325 1 336 4 339 1 647 1 341 2 343 1 351 1 355 1 361 1 363 1 367 2 370 1 380 1 381 1 389 2 476 1 392 3 394 4 396 1 400 1 401 1 402 2 403 1 406 2 407 1 481 1 653 1 412 1 420 1 491 1 655 1 492 1 425 2 427 1 431 2 497 1 433 1 435 1 437 1 438 2 439 1 440 1 502 1 443 1 445 1 
176 37 52 453 1 454 1 600 1 521 1 522 3 526 1 527 1 602 1 528 1 759 1 529 1 604 1 536 1 615 1 738 1 780 1 618 1 619 1 739 1 557 2 558 1 559 1 712 1 634 1 564 2 636 1 664 1 806 1 639 1 571 1 574 1 575 1 696 1 747 1 719 1 788 1 668 1 748 1 579 2 724 2 727 1 644 1 581 4 670 1 754 1 582 1 809 1 810 1 585 1 586 1 588 1 729 2 
177 37 46 223 2 96 1 97 1 98 1 165 1 224 1 167 1 273 1 293 1 184 1 888 1 188 1 231 1 129 1 297 1 413 1 414 1 484 1 485 2 486 1 487 1 488 1 418 1 489 1 419 1 505 2 506 2 507 1 681 1 448 1 687 1 450 1 821 1 516 1 519 1 452 3 455 1 659 1 539 2 540 1 660 1 608 3 457 1 541 1 835 1 661 2 
178 37 0 
179 38 34 4 2 206 1 262 1 20 1 29 2 267 1 32 1 34 1 137 1 39 1 40 1 289 1 48 1 50 2 54 2 143 2 216 1 277 1 73 1 217 1 75 1 77 1 86 1 282 1 163 1 165 1 224 1 104 1 292 1 115 1 116 1 118 2 119 1 204 1 
180 38 52 478 2 406 4 409 2 410 1 481 1 413 1 415 1 484 3 419 1 420 1 428 2 568 1 571 1 572 2 715 1 574 1 744 2 575 1 693 1 576 1 577 1 734 1 666 1 667 2 578 2 721 1 748 1 579 1 723 1 725 1 642 1 726 2 644 1 580 1 753 1 669 1 670 1 583 3 585 2 587 1 588 4 654 1 504 1 446 1 506 1 447 1 507 1 448 1 510 2 449 1 450 1 515 1 
//idTournee nbColis
31 6
//IdColis IdCommandeInColis NbProducts IdProd1 QtyProd1 IdProd2 QtyProd2 ...
181 38 53 516 1 518 2 519 1 452 1 525 1 526 2 529 1 603 1 531 1 532 1 604 1 533 1 841 1 535 1 536 1 538 1 702 1 607 2 691 1 842 1 618 1 547 1 619 1 620 2 773 2 707 2 552 2 553 1 708 1 740 1 844 1 709 1 710 1 845 1 628 2 629 3 559 2 712 1 632 1 633 1 846 2 663 1 563 1 565 1 637 1 735 1 179 2 123 2 182 1 887 1 190 1 194 1 195 1 
182 38 35 202 1 236 1 129 2 238 1 336 1 463 3 922 1 347 2 348 1 349 1 351 1 354 1 356 4 468 1 650 2 676 1 591 1 470 1 367 1 471 4 380 1 677 2 384 1 389 2 394 2 396 1 398 1 429 1 431 2 437 1 935 1 794 1 438 2 443 2 445 1 
183 38 0 
184 39 33 4 2 6 1 133 1 20 1 27 1 32 2 243 1 209 1 40 2 42 1 43 1 45 1 138 2 50 1 51 1 247 1 69 3 216 1 70 1 74 1 77 1 78 1 80 1 81 1 149 1 218 1 150 1 89 1 154 1 114 1 117 1 118 1 119 1 
185 39 46 402 3 403 1 409 2 410 1 412 2 595 2 418 1 419 3 420 1 491 2 422 1 429 2 430 1 656 1 499 1 795 1 680 1 505 1 681 1 508 1 509 1 512 1 785 1 776 1 693 1 577 1 787 1 720 1 789 1 727 1 644 1 580 3 801 1 821 2 516 1 451 1 519 2 452 2 453 4 822 1 522 1 525 3 526 1 527 1 797 2 605 1 
186 39 47 536 3 538 1 824 1 659 2 780 1 828 1 546 1 619 1 706 1 622 1 553 2 625 1 626 2 741 2 710 1 627 1 829 1 628 3 629 1 804 1 663 1 566 1 568 1 572 1 763 1 670 3 790 1 583 2 857 1 800 1 588 1 98 1 165 2 256 1 168 1 104 1 107 2 180 1 123 1 181 1 293 1 182 1 183 1 186 1 187 1 319 1 192 1 
//idTournee nbColis
32 6
//IdColis IdCommandeInColis NbProducts IdProd1 QtyProd1 IdProd2 QtyProd2 ...
187 39 24 889 1 893 1 128 1 129 1 325 1 674 2 335 1 339 2 466 2 648 1 362 1 366 1 372 1 373 1 377 1 382 2 677 2 385 1 389 2 392 3 400 1 437 1 438 1 443 5 
188 39 0 
189 40 32 4 2 285 1 240 1 10 1 208 1 24 1 34 2 38 2 211 1 48 1 49 2 50 2 51 1 54 1 214 1 58 1 215 2 66 1 73 1 74 1 148 1 82 2 155 1 161 1 100 1 167 1 169 2 102 2 104 1 175 1 115 1 117 1 
190 40 32 324 1 326 1 328 1 330 1 331 4 332 1 334 3 336 1 339 2 342 4 352 1 356 1 359 4 362 1 363 1 364 1 366 1 368 1 369 1 371 1 373 3 376 1 383 1 385 1 387 2 389 2 390 1 392 5 395 1 396 1 400 3 401 4 
191 40 43 437 1 438 1 443 1 406 3 479 1 409 2 414 1 484 1 486 2 417 4 487 2 678 2 418 2 490 1 420 4 492 1 427 1 494 1 428 2 429 3 430 1 432 1 505 2 447 1 599 1 681 1 448 1 510 1 449 1 513 1 517 2 518 1 519 1 453 3 521 4 522 6 456 1 607 1 539 2 608 1 609 1 457 1 541 1 
192 40 43 542 1 601 3 524 2 690 2 530 2 533 1 731 2 606 1 535 1 538 1 704 1 546 4 619 1 620 1 739 2 844 1 558 1 631 1 713 1 561 1 562 1 635 1 567 1 762 4 806 2 639 1 569 1 570 1 571 2 574 1 861 1 640 1 744 2 580 2 753 1 863 1 582 1 646 3 584 2 810 5 672 1 588 6 793 1 
//idTournee nbColis
33 6
//IdColis IdCommandeInColis NbProducts IdProd1 QtyProd1 IdProd2 QtyProd2 ...
193 40 30 735 1 316 1 96 1 163 1 97 1 165 2 166 1 185 1 229 1 188 1 960 1 319 1 231 1 902 1 889 1 236 1 129 1 296 1 238 1 927 1 575 1 765 2 785 1 746 1 577 1 666 1 719 1 788 1 750 2 751 1 
194 40 0 
195 41 50 4 1 206 1 31 1 33 1 37 1 38 1 43 1 44 1 54 1 149 1 218 1 86 1 290 1 162 1 224 1 168 1 107 1 114 1 176 1 229 1 297 1 204 1 460 1 336 1 339 1 342 2 463 2 351 1 354 1 366 1 471 1 380 1 386 1 475 1 476 1 401 1 403 2 479 1 410 1 412 1 415 1 488 1 493 1 494 1 495 2 437 1 503 1 517 1 519 1 452 1 
196 41 28 522 1 523 1 528 1 532 1 535 1 538 1 540 1 546 1 550 2 552 2 553 1 556 1 558 1 560 1 563 2 564 1 567 1 569 1 572 1 573 1 575 2 576 1 577 1 578 1 579 1 580 1 583 1 585 2 
197 42 39 4 1 240 1 133 1 287 1 18 1 137 1 288 1 43 2 50 1 53 2 140 1 276 1 69 1 71 1 76 1 78 1 89 1 92 1 223 1 291 1 96 1 97 1 98 1 166 1 167 2 102 1 108 2 114 1 117 2 118 1 293 1 294 1 295 1 124 1 236 1 237 1 296 1 204 1 460 2 
198 42 51 336 2 463 2 354 1 361 1 650 1 469 1 366 1 368 1 380 1 384 1 476 1 394 1 396 1 398 3 478 1 413 1 415 1 484 2 485 1 416 2 417 3 418 1 489 1 420 1 422 1 423 2 426 1 428 1 429 1 656 1 431 1 497 1 433 1 435 1 437 1 438 4 439 3 443 2 503 2 505 1 446 1 512 2 657 1 519 1 453 1 454 1 522 4 540 1 609 1 601 1 523 1 
//idTournee nbColis
34 6
//IdColis IdCommandeInColis NbProducts IdProd1 QtyProd1 IdProd2 QtyProd2 ...
199 42 51 525 2 526 2 602 1 731 1 606 1 535 1 536 3 538 2 814 1 737 1 615 1 704 2 617 1 546 2 618 1 620 1 706 1 621 1 622 3 552 1 624 1 553 2 626 1 844 1 629 3 558 1 559 2 712 1 562 3 663 1 565 1 567 3 571 1 572 1 776 2 577 1 696 1 767 1 719 1 720 2 668 1 721 1 749 1 789 1 580 3 808 1 646 2 583 2 585 1 588 2 735 1 
200 42 0 
201 43 33 4 2 239 1 286 2 20 1 30 1 267 1 33 1 38 1 43 1 50 1 54 3 214 1 245 2 141 1 71 1 144 1 250 1 74 1 217 2 76 1 148 1 82 1 149 1 218 1 306 1 154 1 157 1 307 2 160 1 104 1 107 3 274 1 398 1 
202 43 50 434 2 435 2 436 2 437 1 438 1 780 1 620 1 550 1 552 1 553 1 710 1 628 2 629 1 556 1 781 1 559 2 568 2 569 1 571 2 575 1 775 3 776 1 694 1 666 1 767 1 719 1 788 1 720 1 668 1 769 1 724 1 752 2 643 1 644 1 581 1 670 2 646 1 791 1 583 1 586 1 587 1 588 4 793 2 729 1 399 1 401 1 403 1 406 1 411 1 480 3 
203 43 45 481 2 482 1 415 1 483 1 484 2 416 1 417 1 491 1 422 1 426 4 429 1 431 2 680 1 504 1 446 1 796 1 507 1 508 1 509 2 449 1 450 1 514 1 516 1 657 1 518 1 519 4 452 1 453 4 521 1 522 3 601 2 526 2 602 2 797 2 603 1 798 1 535 1 536 1 560 1 562 1 563 2 564 1 161 1 96 1 165 1 
204 43 36 100 1 123 1 181 1 190 2 894 1 895 2 325 2 461 2 589 1 336 4 337 1 338 1 342 1 463 1 355 3 356 2 358 1 650 2 363 1 366 1 367 1 369 1 373 1 472 1 380 1 382 1 592 1 389 1 391 1 393 2 394 1 395 1 439 1 440 1 502 1 442 1 
//idTournee nbColis
35 6
//IdColis IdCommandeInColis NbProducts IdProd1 QtyProd1 IdProd2 QtyProd2 ...
205 43 0 
206 44 34 5 3 6 1 298 1 9 1 263 2 133 1 16 1 20 1 135 1 27 1 29 1 243 1 37 1 209 1 39 1 40 2 44 1 138 1 50 2 214 2 140 1 58 1 62 1 66 1 67 1 216 1 71 1 73 1 251 1 76 1 77 1 78 1 147 1 351 1 
207 44 50 354 2 355 1 468 3 358 1 361 1 469 2 470 1 367 1 368 1 652 1 372 1 373 2 377 1 380 1 677 1 385 1 389 1 391 1 476 1 393 2 394 2 396 2 398 3 400 4 401 1 402 1 405 1 406 3 407 1 428 3 431 2 432 1 501 1 438 1 443 1 706 1 621 3 739 1 550 1 623 1 707 1 553 1 740 2 741 2 710 1 628 2 742 1 629 1 409 1 412 1 
208 44 45 415 2 416 3 686 1 417 1 489 3 426 2 503 1 446 2 507 1 510 3 511 1 512 1 514 1 517 2 518 1 452 2 520 3 600 4 522 3 601 2 525 1 797 2 529 1 605 1 606 1 456 1 539 2 691 2 812 1 704 1 544 1 546 2 618 2 619 1 557 1 817 1 818 1 559 3 712 1 632 2 562 2 635 1 692 2 567 1 664 1 
209 44 44 568 2 743 1 569 1 763 1 716 1 640 1 765 1 576 2 766 1 695 1 577 2 747 4 719 1 788 1 668 1 579 1 789 3 641 1 725 1 581 1 753 1 670 1 582 1 646 1 583 1 857 1 585 2 672 1 793 1 155 2 94 1 156 1 159 1 315 1 166 2 101 2 102 1 951 1 104 1 171 1 107 3 109 1 114 1 115 1 
210 44 25 116 1 118 1 122 1 921 1 318 1 184 1 185 1 229 1 189 1 230 1 319 1 322 1 126 1 895 1 459 1 325 1 673 2 674 1 337 1 339 1 342 1 386 1 474 1 387 1 388 1 
//idTournee nbColis
36 6
//IdColis IdCommandeInColis NbProducts IdProd1 QtyProd1 IdProd2 QtyProd2 ...
211 44 0 
212 45 27 6 1 10 2 11 1 207 1 20 1 21 2 27 1 28 1 29 1 31 1 34 2 137 1 38 1 209 1 210 1 139 1 143 1 69 1 277 1 74 1 78 2 303 1 147 1 80 1 81 1 90 2 114 2 
213 45 26 92 2 221 1 155 1 159 1 160 1 316 1 96 1 255 2 166 1 102 4 104 1 106 3 175 2 107 1 110 1 317 1 183 1 318 1 184 1 186 1 190 1 319 1 192 1 193 1 199 1 204 1 
214 45 37 325 1 673 1 674 2 335 2 337 2 339 1 340 1 466 2 649 1 468 1 650 2 362 1 469 1 366 1 368 1 377 1 382 2 393 2 396 1 397 1 400 2 401 1 402 3 403 1 404 1 405 1 407 2 480 1 481 1 421 1 422 1 425 1 428 1 436 1 441 1 443 2 445 1 
215 45 52 412 1 414 2 415 1 594 1 485 1 595 1 686 1 486 1 419 1 420 1 700 1 505 2 446 1 506 2 447 1 777 1 450 1 512 1 451 1 453 2 822 1 522 3 601 1 525 1 526 1 527 1 528 1 797 1 530 2 603 1 531 2 658 1 534 1 536 2 659 1 609 1 457 1 541 1 835 2 612 1 615 1 704 1 544 1 545 1 546 1 547 1 619 1 631 1 632 2 560 1 804 1 692 1 
216 45 27 621 1 739 1 773 1 708 1 626 1 740 1 742 1 629 1 558 2 762 4 573 1 716 2 744 1 693 1 766 1 718 1 666 3 720 2 789 1 725 1 752 1 643 1 645 2 580 1 581 3 583 1 729 3 
//idTournee nbColis
37 6
//IdColis IdCommandeInColis NbProducts IdProd1 QtyProd1 IdProd2 QtyProd2 ...
217 46 39 6 1 131 1 300 1 206 2 208 1 19 1 22 1 26 1 32 2 37 1 39 1 43 1 44 1 46 2 138 1 47 1 48 1 50 1 214 1 216 1 71 2 146 1 76 1 80 1 219 1 84 1 85 1 86 1 281 1 89 1 91 1 155 1 158 1 106 1 175 2 274 1 112 1 117 1 118 1 
218 46 44 352 1 354 2 468 1 358 1 359 1 650 1 651 2 366 1 471 3 368 1 370 1 373 1 375 1 377 2 472 2 473 1 382 2 383 1 384 2 441 2 442 1 443 1 743 1 571 1 716 3 640 1 744 1 745 1 746 1 693 1 694 1 577 1 696 2 719 2 578 1 748 2 722 1 749 1 725 1 751 1 752 2 580 2 753 1 754 1 
219 46 42 389 2 476 1 395 1 401 4 403 1 410 1 480 1 481 2 415 4 485 1 416 1 595 1 486 1 487 1 488 1 489 2 420 1 771 1 423 2 493 1 425 4 426 2 428 2 495 2 496 2 432 1 435 1 437 1 503 1 700 2 446 1 506 1 447 1 507 1 681 1 448 4 510 1 450 2 511 1 515 2 691 1 772 1 
220 46 50 519 4 452 1 600 3 521 2 522 5 601 1 523 1 690 3 525 1 526 4 529 1 530 1 603 1 532 3 731 1 536 2 538 1 540 1 612 2 615 1 544 1 738 2 545 1 780 1 546 1 620 4 621 1 550 1 773 1 552 1 624 1 708 1 626 1 711 1 556 1 558 1 631 1 712 1 560 1 761 1 562 1 846 1 635 1 692 1 565 1 762 1 806 1 584 1 729 1 735 1 
221 46 36 161 1 966 1 926 1 97 1 255 2 168 2 169 1 967 1 183 1 184 1 185 1 186 1 947 1 191 1 193 1 294 1 194 1 232 1 196 1 200 1 202 1 127 1 326 2 461 4 335 1 337 1 342 1 463 3 675 1 346 1 922 1 910 2 385 2 474 1 684 1 387 1 
222 46 0 
//idTournee nbColis
38 6
//IdColis IdCommandeInColis NbProducts IdProd1 QtyProd1 IdProd2 QtyProd2 ...
223 47 34 6 1 206 1 301 1 22 1 23 1 38 1 45 1 289 1 50 1 245 1 58 1 61 1 66 1 67 1 68 1 69 2 278 1 279 1 148 1 218 1 84 1 150 1 89 1 92 1 102 2 104 1 257 1 106 3 175 1 259 1 225 1 226 1 176 1 119 1 
224 47 46 335 2 336 1 339 1 463 3 354 1 356 1 360 1 361 1 650 1 676 1 469 1 366 1 369 1 380 1 382 2 677 1 592 2 388 1 391 1 393 1 396 2 399 1 400 4 401 2 429 1 496 1 433 1 501 1 436 1 437 1 443 1 716 1 575 1 717 1 577 1 720 1 721 2 722 1 723 1 724 1 725 1 727 2 643 1 644 1 581 2 403 1 
225 47 46 404 3 408 1 410 1 480 1 481 1 482 1 653 1 413 1 416 2 486 3 417 3 490 1 420 2 491 1 421 1 422 1 492 1 424 1 426 2 428 1 495 4 503 1 680 1 505 2 446 3 506 3 598 1 447 1 507 1 599 1 681 1 509 1 448 1 510 2 449 1 512 1 657 1 517 1 518 1 522 3 524 1 535 3 536 3 607 2 691 1 457 1 
226 47 42 690 4 526 3 602 2 759 1 797 1 530 3 531 1 532 1 841 2 534 2 731 1 606 1 865 1 612 1 544 1 705 1 662 1 546 2 547 2 620 1 550 1 622 2 552 1 709 1 627 1 629 2 869 1 559 3 853 1 634 1 563 1 565 1 840 2 639 1 571 2 790 2 646 1 583 4 857 1 587 2 588 3 728 1 
227 47 33 159 1 96 1 99 1 165 1 100 1 167 1 168 1 121 1 952 1 178 1 293 1 184 1 887 1 888 1 190 2 917 1 900 1 192 1 294 1 902 1 295 1 195 1 124 1 199 1 200 1 236 1 204 1 205 1 325 1 461 2 329 2 673 1 674 1 
228 47 0 
//idTournee nbColis
39 6
//IdColis IdCommandeInColis NbProducts IdProd1 QtyProd1 IdProd2 QtyProd2 ...
229 48 37 299 1 18 1 28 1 33 1 43 1 52 1 54 1 302 1 277 1 77 1 80 1 304 1 305 1 90 1 271 1 221 1 157 1 159 1 160 1 308 1 162 1 163 1 97 1 165 1 309 1 310 1 102 1 171 1 311 1 106 1 108 1 312 1 120 1 179 1 228 1 237 1 313 1 
230 48 51 525 1 529 1 533 1 613 1 544 1 760 1 622 1 553 2 708 1 626 1 868 1 559 1 733 1 563 1 564 1 870 1 746 1 666 2 583 1 588 1 886 1 293 1 187 1 971 1 972 1 908 1 195 1 975 1 124 1 890 1 891 1 892 1 200 1 894 1 460 1 342 1 463 2 464 1 347 1 354 1 468 1 963 1 382 1 911 1 976 1 389 1 393 1 977 1 479 1 410 1 978 1 
231 48 21 412 3 414 1 485 1 486 1 418 1 426 2 495 1 498 1 928 1 438 1 598 1 448 1 449 1 450 2 517 1 519 1 522 2 535 1 456 1 609 1 691 1 
232 49 39 9 1 15 1 265 1 29 1 30 1 33 1 35 1 210 1 61 1 67 1 69 1 71 2 144 1 73 1 278 1 76 1 81 1 87 1 91 1 94 1 165 1 168 1 102 2 104 1 175 2 107 1 112 1 114 1 117 2 119 1 121 1 317 1 184 1 190 1 295 1 322 1 202 1 129 2 204 1 
233 49 50 325 1 333 1 338 1 339 2 346 1 350 1 368 1 652 1 374 1 382 1 476 2 392 1 398 2 399 1 400 2 401 1 406 3 481 3 415 1 654 1 485 1 418 1 420 1 422 1 425 1 427 1 429 1 499 1 435 1 436 1 437 1 439 1 503 2 505 2 509 1 510 1 512 1 452 2 453 2 521 1 601 1 530 1 658 2 606 1 536 2 538 1 660 1 663 1 565 1 546 1 
234 49 21 618 1 706 1 622 2 557 1 712 1 560 1 633 1 570 1 696 1 734 1 666 3 719 2 668 1 722 1 752 2 580 2 669 1 582 1 809 1 587 1 588 3 
//idTournee nbColis
40 6
//IdColis IdCommandeInColis NbProducts IdProd1 QtyProd1 IdProd2 QtyProd2 ...
235 50 32 206 2 12 1 133 1 243 1 36 1 43 1 46 1 50 1 139 1 54 2 142 1 250 2 73 1 77 1 86 1 158 1 255 2 167 1 102 1 105 1 175 4 108 1 110 1 114 1 121 1 228 1 123 2 182 1 320 1 237 1 129 1 204 1 
236 50 47 600 2 522 2 523 1 526 2 527 1 528 1 531 1 532 2 535 2 456 1 703 1 814 1 546 1 618 1 619 1 621 1 550 1 552 3 554 1 629 2 712 2 561 2 562 1 636 1 692 1 568 2 775 1 577 1 719 1 721 1 583 1 584 1 585 1 587 1 588 2 186 1 325 2 332 2 336 2 347 1 352 1 354 1 356 2 368 1 652 1 382 2 388 1 
237 50 31 476 1 400 1 401 2 404 1 407 1 409 1 481 1 412 1 415 1 484 1 416 1 417 2 420 2 422 2 493 2 426 2 495 2 429 1 496 1 432 1 435 2 502 1 504 1 506 2 507 2 508 1 448 1 510 1 516 2 518 1 608 2 
238 50 0 
239 51 40 13 1 18 1 22 1 24 1 26 1 30 1 137 1 50 1 52 1 53 2 54 1 214 1 65 1 74 1 77 1 80 1 218 1 89 1 90 1 271 1 254 1 157 1 160 1 98 1 99 1 165 1 100 1 167 1 102 1 108 1 109 1 225 1 115 1 176 1 119 1 123 1 197 1 321 1 204 1 460 1 
240 51 55 335 1 337 1 338 1 368 1 369 1 378 2 385 1 393 1 397 1 400 1 401 4 403 1 478 1 406 1 407 1 479 1 480 1 415 1 485 1 416 1 417 3 490 1 422 1 425 1 426 2 431 1 434 1 436 1 505 1 446 1 506 3 598 1 512 1 513 1 514 1 517 1 519 1 453 1 600 2 522 3 526 2 527 2 530 1 603 1 604 1 534 1 538 1 613 1 614 1 544 1 616 1 633 1 562 1 637 1 184 1 
//idTournee nbColis
41 6
//IdColis IdCommandeInColis NbProducts IdProd1 QtyProd1 IdProd2 QtyProd2 ...
241 51 31 185 1 190 1 191 1 231 1 232 1 618 2 706 1 622 2 624 2 708 1 629 1 557 1 631 1 713 1 714 1 571 1 715 1 744 2 575 1 746 1 666 1 578 1 668 1 748 1 579 1 725 1 752 1 582 1 671 1 792 1 729 1 
242 51 0 
243 52 50 324 3 325 1 332 2 341 1 346 1 355 2 362 2 366 1 368 1 372 1 375 1 381 1 388 1 392 1 393 1 394 2 398 1 400 2 401 2 402 1 403 2 404 1 405 1 406 1 412 2 413 1 414 2 415 1 416 1 417 1 418 1 419 1 423 1 427 1 428 1 432 1 438 2 443 1 446 1 447 2 448 1 449 1 450 1 451 1 452 4 453 1 454 1 455 1 456 1 457 1 
244 52 50 615 2 738 1 546 1 621 2 550 1 622 2 552 1 708 1 555 1 803 1 629 1 557 1 559 1 633 2 567 1 568 1 570 1 571 1 572 2 715 1 744 1 785 1 693 1 694 1 577 1 667 1 788 1 579 1 750 1 725 1 727 1 669 1 808 1 672 1 588 3 728 1 793 1 729 1 9 1 18 1 30 1 31 1 33 1 36 1 40 1 45 1 245 1 140 1 60 1 67 1 
245 52 29 70 1 73 1 76 1 77 1 158 1 160 1 165 1 102 3 170 1 106 1 175 1 116 1 118 1 121 1 191 1 196 1 893 1 127 1 600 2 522 2 601 1 525 1 526 2 603 1 604 1 606 1 536 1 814 1 614 1 
246 52 0 
//idTournee nbColis
42 6
//IdColis IdCommandeInColis NbProducts IdProd1 QtyProd1 IdProd2 QtyProd2 ...
247 53 53 458 1 332 1 337 1 462 2 348 1 351 1 357 1 469 1 364 1 366 1 370 1 372 1 375 1 473 1 387 2 389 2 476 1 393 1 396 1 400 1 401 2 404 1 405 1 407 1 480 1 482 1 412 2 413 1 414 1 415 2 483 1 417 3 487 1 420 2 422 1 492 1 426 3 428 2 429 1 498 1 499 1 433 1 437 1 444 1 503 2 505 2 450 3 512 1 515 1 519 1 452 1 539 1 541 1 
248 53 52 615 1 622 3 552 1 624 1 553 1 740 1 742 1 557 1 633 2 561 1 564 2 565 1 839 2 567 2 568 1 572 1 782 1 640 1 766 1 696 1 719 1 667 1 721 2 750 1 726 1 752 1 753 1 808 1 646 1 584 1 587 1 588 1 793 1 1 1 3 2 131 1 132 1 287 1 40 1 43 2 47 1 54 2 245 1 61 1 71 1 145 1 280 1 94 1 158 1 308 1 163 1 165 1 
249 53 26 883 1 167 1 173 1 107 2 110 1 114 1 117 1 182 1 888 1 189 1 190 1 236 1 127 1 296 1 453 1 522 2 601 1 526 2 602 1 759 1 529 2 530 1 603 1 531 1 871 1 824 1 
250 54 57 460 3 342 2 465 2 349 2 354 1 467 1 379 1 476 1 406 2 410 1 416 1 418 1 420 1 493 1 426 1 495 2 429 1 439 1 504 1 446 1 509 1 510 1 450 1 513 1 516 2 517 1 519 1 454 1 524 1 526 1 531 1 532 1 536 1 457 1 546 1 547 1 548 1 549 1 551 1 553 1 554 1 555 1 556 1 557 1 559 2 563 1 567 1 568 1 570 1 571 2 574 1 581 1 582 1 584 1 586 1 587 1 588 2 
251 54 21 4 1 263 1 26 1 136 1 40 1 54 1 276 1 71 1 73 1 219 1 305 1 92 1 106 1 117 1 921 1 187 1 193 1 294 1 666 1 749 1 644 1 
252 55 51 460 1 336 2 463 2 344 1 590 1 465 1 354 1 373 1 384 1 476 1 393 2 401 2 403 1 593 1 407 2 410 1 489 1 493 2 427 1 596 1 435 1 506 2 513 1 516 1 522 1 525 1 526 2 530 1 603 1 532 2 542 1 611 1 612 1 617 1 618 3 626 1 555 1 559 1 632 1 562 1 564 1 636 1 639 1 572 1 574 1 640 1 641 1 642 1 643 1 644 2 645 1 
//idTournee nbColis
43 6
//IdColis IdCommandeInColis NbProducts IdProd1 QtyProd1 IdProd2 QtyProd2 ...
253 55 31 4 1 15 1 31 1 54 1 246 1 249 1 278 1 80 1 81 1 92 1 254 1 157 1 882 1 165 1 914 1 171 1 110 1 228 1 183 1 917 1 908 1 889 1 232 1 892 1 237 1 129 1 203 1 776 1 666 1 749 1 723 1 
254 55 0 
255 56 60 460 1 336 1 339 1 463 1 350 1 468 1 369 1 373 1 382 1 384 1 476 2 394 1 401 1 403 1 478 1 407 1 479 1 410 1 415 1 594 1 487 1 420 2 421 1 423 1 426 1 428 1 596 1 438 1 445 1 503 1 597 1 447 1 507 1 450 1 512 1 517 1 519 2 452 1 454 1 522 2 526 2 530 1 531 1 532 2 534 1 536 1 537 1 607 1 608 1 544 1 621 1 622 1 554 1 629 1 559 1 632 1 562 1 564 1 565 1 638 1 
256 56 28 4 1 6 1 7 1 34 1 56 1 81 1 86 1 223 1 164 1 165 1 166 1 100 1 172 1 173 1 181 1 127 1 129 1 204 1 569 1 571 1 870 1 715 1 666 1 578 1 581 1 669 1 584 1 849 1 
257 57 52 460 2 332 1 336 3 337 1 463 2 350 1 376 1 379 1 387 1 388 1 389 1 401 3 402 1 410 1 484 1 417 1 419 1 422 2 495 2 496 1 498 2 435 1 439 1 504 1 446 2 506 2 598 1 447 1 507 1 510 1 450 1 600 1 522 2 533 1 605 1 536 1 457 1 615 1 544 1 618 1 620 1 622 1 624 1 625 2 627 2 628 2 635 1 563 1 566 1 646 1 583 1 588 1 
258 57 38 3 1 263 1 27 1 36 1 38 1 50 1 53 1 142 1 65 1 66 1 74 2 290 1 90 1 93 1 157 1 283 1 172 1 106 2 175 1 121 1 180 1 293 1 185 1 902 1 195 1 128 1 203 1 205 1 571 2 574 1 716 2 575 1 820 1 668 1 580 1 753 2 808 1 809 1 
//idTournee nbColis
44 6
//IdColis IdCommandeInColis NbProducts IdProd1 QtyProd1 IdProd2 QtyProd2 ...
259 57 0 
260 58 52 460 1 589 1 339 1 342 1 463 2 464 1 347 1 362 2 364 1 383 1 592 1 389 2 391 2 398 1 401 2 403 1 410 2 484 3 485 1 416 1 419 2 422 1 426 1 431 2 437 1 505 2 446 1 507 2 448 3 449 1 517 1 518 1 452 1 453 1 454 1 522 1 526 1 527 1 602 1 605 1 606 1 535 1 546 1 622 1 623 2 552 2 629 2 631 1 559 1 561 1 634 1 637 2 
261 58 40 3 2 15 1 28 1 33 1 34 1 137 1 43 1 245 1 62 1 277 1 76 1 77 1 155 1 307 1 99 1 168 1 173 1 106 1 174 1 260 1 117 1 182 1 185 1 193 1 553 1 554 1 708 1 709 2 568 2 806 1 572 1 746 1 668 1 721 1 748 1 726 1 581 1 646 1 583 1 584 1 
262 58 0 
263 59 55 460 2 342 1 343 1 345 1 590 1 348 1 351 1 354 1 468 1 591 1 476 2 394 1 402 1 407 1 409 1 410 1 480 1 412 1 416 1 595 1 417 2 422 2 425 2 428 2 495 1 437 1 443 1 504 1 597 1 599 1 509 1 510 1 519 2 600 1 522 1 601 1 524 1 526 1 602 1 528 1 529 1 530 2 534 3 456 1 609 1 541 1 610 1 615 1 619 1 549 1 629 1 630 1 562 1 564 1 637 1 
264 59 48 6 1 240 1 206 1 10 1 920 1 34 1 209 1 46 1 50 1 53 3 54 2 214 1 147 1 148 1 80 1 81 1 167 1 109 1 227 1 907 1 184 1 185 1 888 1 229 1 900 1 195 1 321 1 200 1 297 1 706 1 621 1 550 1 848 1 552 1 837 1 708 1 740 1 555 1 568 1 806 1 569 1 573 1 694 1 695 1 767 1 668 1 579 1 750 1 
//idTournee nbColis
45 6
//IdColis IdCommandeInColis NbProducts IdProd1 QtyProd1 IdProd2 QtyProd2 ...
265 59 0 
266 60 39 325 1 332 2 337 1 338 1 342 2 463 3 464 1 348 1 354 1 356 2 648 1 649 1 361 2 362 1 651 2 367 1 652 1 373 3 472 1 379 2 382 1 384 1 389 1 394 2 398 2 477 2 400 1 402 4 406 3 479 1 409 2 420 1 491 3 421 1 425 1 427 1 494 1 431 3 443 3 
267 60 45 415 1 485 1 417 4 488 1 700 1 446 1 598 1 447 1 681 2 508 1 448 1 449 1 517 1 452 2 453 4 520 1 522 4 601 1 526 1 528 1 797 1 529 1 531 1 534 4 731 1 535 2 536 4 456 1 539 3 615 2 704 1 738 1 545 1 546 2 547 2 706 1 836 1 622 5 552 1 554 1 708 1 629 1 559 1 562 3 637 1 
268 60 38 840 2 572 1 716 1 575 2 694 2 577 1 696 1 767 1 750 1 752 2 644 1 582 2 790 2 791 1 583 5 857 1 810 1 880 1 3 2 15 1 266 1 28 1 136 1 52 1 53 1 54 1 58 1 59 1 216 1 71 1 81 1 153 2 157 2 163 1 97 1 165 1 224 1 167 1 
269 60 17 102 3 106 1 175 2 107 1 112 1 117 1 123 1 888 1 889 1 198 1 893 1 894 1 238 1 664 1 568 2 806 1 571 1 
270 61 44 326 1 328 1 461 2 331 1 332 1 334 1 336 1 339 2 350 1 353 1 354 2 355 1 361 1 366 1 373 1 376 1 380 1 677 1 386 2 390 1 476 1 392 2 393 1 394 3 396 2 397 1 398 3 400 1 401 1 402 3 406 1 410 1 411 1 481 1 653 1 420 1 491 1 425 1 428 1 432 2 501 1 437 1 439 1 443 1 
//idTournee nbColis
46 6
//IdColis IdCommandeInColis NbProducts IdProd1 QtyProd1 IdProd2 QtyProd2 ...
271 61 44 413 1 595 1 686 2 486 1 417 2 419 3 505 2 446 1 506 1 447 2 681 1 509 1 448 4 510 1 821 1 518 1 519 2 453 3 600 1 522 4 601 2 523 1 525 1 526 3 602 1 530 2 531 2 533 2 534 1 606 1 536 3 538 1 455 1 539 1 457 1 617 1 760 1 559 2 560 1 633 1 561 1 634 1 563 2 566 1 
272 61 46 637 1 549 1 706 1 621 1 773 2 622 1 623 1 554 1 555 1 710 1 876 1 629 1 762 2 664 1 568 1 744 1 775 2 746 1 787 1 720 1 668 2 748 2 750 1 642 1 726 1 752 1 645 1 581 1 753 1 670 4 582 1 646 1 583 2 584 1 585 1 588 4 793 1 729 1 735 2 3 2 20 1 23 2 265 1 26 1 266 1 51 1 
273 61 33 53 1 245 1 67 1 72 1 73 1 278 1 78 1 80 1 81 1 155 1 291 1 307 1 95 1 174 1 175 1 274 1 111 1 117 1 228 1 317 1 123 1 318 1 190 1 193 1 909 1 235 1 129 1 203 1 618 1 547 1 619 1 620 1 558 1 
274 61 0 
275 62 54 327 1 328 1 332 1 341 1 343 1 463 2 349 1 351 1 469 1 369 1 373 1 380 1 592 1 476 1 394 1 400 1 401 3 403 1 407 1 410 2 480 1 414 2 485 1 488 1 421 1 429 1 431 1 438 1 443 1 505 2 446 1 506 2 508 1 448 2 449 1 450 1 453 1 520 1 454 1 689 1 522 2 526 2 602 1 535 1 536 3 538 1 539 1 457 1 612 2 614 1 544 1 559 2 634 1 692 1 
276 62 47 24 1 27 1 34 1 210 1 46 1 54 1 80 1 149 1 86 1 221 1 905 1 167 1 104 1 108 1 111 1 260 1 116 1 117 1 190 1 195 1 618 2 619 1 621 1 550 2 623 1 708 1 626 2 740 1 627 1 629 3 567 2 664 1 806 1 572 1 574 1 716 1 746 1 693 1 766 1 577 1 721 1 579 1 670 1 583 1 792 1 585 1 587 1 
//idTournee nbColis
47 6
//IdColis IdCommandeInColis NbProducts IdProd1 QtyProd1 IdProd2 QtyProd2 ...
277 62 0 
278 63 53 332 2 674 1 335 1 337 1 675 1 346 1 349 2 351 1 353 1 356 1 468 1 650 1 469 1 367 1 368 1 369 1 370 2 375 1 379 1 380 1 474 1 685 1 389 1 390 1 391 1 392 1 393 1 394 1 395 1 396 1 479 1 408 1 481 2 416 1 486 1 417 2 421 1 422 1 499 1 433 1 439 1 693 1 694 1 695 1 696 1 504 1 505 2 687 1 510 2 450 1 513 2 514 1 515 1 
279 63 54 519 1 452 1 522 2 526 2 527 1 759 1 603 1 531 1 534 1 535 1 536 1 538 3 608 1 691 1 814 1 612 2 615 3 544 1 738 1 546 1 620 2 550 1 623 1 709 2 555 1 741 1 712 1 560 1 761 1 634 1 563 1 565 1 567 1 568 1 570 1 572 1 574 1 785 1 720 1 724 1 726 1 645 1 790 1 646 1 791 1 585 1 849 1 672 1 588 1 729 2 3 2 7 1 263 1 18 1 
280 63 33 34 2 36 1 38 1 40 2 43 1 54 1 62 1 143 2 68 1 71 2 73 2 76 1 281 1 153 1 271 1 162 1 98 1 165 1 168 1 107 2 118 1 884 1 189 1 190 1 892 1 234 1 895 1 297 1 204 1 459 1 325 1 461 1 673 2 
281 63 0 
282 64 61 674 1 463 2 697 1 591 2 377 1 380 1 384 1 393 2 394 1 396 1 398 1 401 2 413 1 485 1 422 1 426 1 495 2 437 1 439 1 440 1 680 1 449 1 512 1 517 1 519 1 454 1 522 1 524 1 527 2 603 1 532 1 535 1 536 2 540 1 691 1 661 1 614 1 544 1 662 1 546 1 547 2 706 1 550 1 622 1 708 1 709 1 629 2 559 1 565 1 568 2 639 1 569 1 572 1 574 1 719 1 641 1 726 1 581 2 583 1 728 1 729 1 
//idTournee nbColis
48 6
//IdColis IdCommandeInColis NbProducts IdProd1 QtyProd1 IdProd2 QtyProd2 ...
283 64 34 3 2 6 1 206 1 15 1 24 1 266 1 29 1 213 1 54 2 58 1 143 1 70 1 145 1 90 1 91 1 253 1 94 1 224 1 103 1 107 1 117 2 120 1 123 1 293 1 185 1 187 1 188 1 230 1 900 1 124 1 321 1 895 1 205 1 693 1 
284 64 0 
285 65 59 335 1 337 1 339 2 342 1 463 1 590 2 464 1 349 1 356 1 649 1 359 1 361 2 362 1 469 1 366 1 371 1 380 1 382 1 677 1 476 2 393 1 396 1 403 1 410 1 482 2 413 1 415 1 483 1 484 1 594 1 485 1 686 1 487 1 698 1 420 1 491 1 422 1 428 2 495 2 431 1 433 1 437 1 503 1 446 2 447 1 687 1 510 1 511 1 516 1 517 1 701 1 518 2 600 1 522 3 535 3 536 3 538 1 455 1 539 1 
286 65 54 619 1 620 1 548 1 550 2 622 1 707 1 552 2 624 1 553 1 555 1 829 1 845 1 742 1 629 2 556 1 558 2 567 2 762 1 743 1 569 1 572 1 715 1 744 1 575 1 785 1 776 1 766 1 719 1 720 1 668 1 769 1 721 1 724 1 725 1 669 1 790 2 583 2 585 2 847 1 588 1 4 1 240 1 263 1 24 1 136 1 34 2 36 1 38 2 288 1 43 2 44 1 52 1 216 1 73 1 
287 65 30 898 1 78 1 80 1 149 1 94 1 104 1 105 1 107 1 181 1 229 1 189 1 190 1 294 1 321 1 126 1 129 1 528 1 759 1 532 1 533 1 612 1 615 1 544 2 705 1 780 1 546 2 815 1 618 3 632 2 774 1 
288 65 0 
//idTournee nbColis
49 6
//IdColis IdCommandeInColis NbProducts IdProd1 QtyProd1 IdProd2 QtyProd2 ...
289 66 58 336 1 337 1 339 1 463 1 349 1 353 1 370 1 372 1 472 1 380 1 385 1 389 1 476 1 401 2 479 1 409 1 480 1 481 1 595 1 686 1 420 1 422 2 495 1 432 1 434 1 435 1 440 1 503 1 447 1 599 1 522 1 526 2 528 1 534 2 536 1 702 1 539 1 542 1 704 1 662 1 620 1 623 1 553 1 556 1 557 1 631 1 559 2 712 1 561 1 562 1 563 1 565 1 714 1 568 1 715 1 718 1 722 1 584 1 
290 66 25 4 1 131 1 912 1 18 1 136 1 54 1 246 1 90 1 162 1 96 1 224 1 310 1 257 1 172 1 106 1 114 1 121 1 317 1 185 1 229 1 193 1 202 1 127 1 204 1 666 1 
291 67 66 336 1 337 1 339 1 647 1 342 1 463 1 590 1 356 3 469 1 591 1 368 1 473 1 677 1 383 1 396 1 397 1 400 1 401 2 402 1 412 2 413 1 415 1 484 1 654 1 420 1 422 2 423 1 427 1 428 2 495 1 699 1 596 1 435 1 437 1 503 1 700 1 504 1 512 1 514 1 516 1 517 1 452 1 522 2 524 1 526 1 602 1 529 1 603 1 532 1 606 1 535 2 703 1 542 1 617 1 705 1 546 2 707 1 552 1 710 1 711 1 556 1 558 2 559 1 632 1 713 1 562 1 
292 67 51 3 1 34 1 38 1 46 1 66 1 71 1 73 1 76 1 77 1 79 1 218 1 254 1 882 1 165 1 168 1 258 1 110 1 114 1 120 1 227 1 181 1 887 1 204 1 571 1 572 1 716 1 744 1 862 2 776 1 693 1 766 1 734 1 666 1 767 2 578 1 721 1 722 1 749 1 750 1 642 1 753 1 791 1 583 3 584 1 671 1 792 1 672 1 586 1 588 2 729 2 735 1 
293 67 0 
294 68 42 336 4 341 2 462 3 347 1 348 1 351 1 355 1 468 1 650 1 362 1 366 1 373 1 375 1 376 1 379 1 382 1 385 1 386 1 391 1 476 1 392 1 396 1 398 1 400 2 401 1 404 1 406 2 479 2 426 3 428 2 430 1 432 1 596 1 500 1 501 1 436 2 439 1 502 1 621 1 624 1 627 1 629 1 
//idTournee nbColis
50 6
//IdColis IdCommandeInColis NbProducts IdProd1 QtyProd1 IdProd2 QtyProd2 ...
295 68 48 410 2 412 2 483 1 595 1 417 2 418 1 490 1 420 2 447 2 509 1 448 3 777 1 517 1 688 1 451 1 452 2 822 1 600 1 522 1 601 1 527 3 602 1 528 1 531 1 533 1 658 2 606 1 536 1 538 2 608 1 732 1 827 1 614 1 737 1 615 3 544 1 738 1 662 1 780 1 546 2 618 2 619 2 557 1 631 1 559 2 633 1 561 1 637 1 
296 68 40 570 1 571 1 573 1 862 1 784 1 766 1 666 1 748 1 722 2 724 2 645 1 670 1 754 2 646 1 791 1 584 1 671 1 585 4 587 1 588 2 728 1 729 1 735 1 3 2 6 1 131 1 15 1 243 1 38 1 42 1 70 1 71 2 217 1 82 1 84 1 154 1 221 1 94 1 96 1 98 1 
297 68 19 100 1 172 2 173 1 106 1 175 1 107 2 117 2 123 2 182 1 184 1 189 1 900 1 195 1 124 1 237 1 129 1 296 1 332 1 335 1 
298 69 60 339 1 342 1 463 3 344 1 346 1 349 1 356 1 358 1 471 1 386 1 388 1 394 1 396 1 397 1 401 1 402 1 478 1 479 1 409 1 412 2 493 1 428 2 495 1 437 1 510 1 450 1 519 1 452 2 600 1 521 1 522 2 526 1 528 1 530 1 532 1 731 1 535 1 536 2 607 2 540 1 609 1 457 1 732 1 617 1 547 1 619 1 551 1 552 1 626 1 709 1 558 1 559 2 733 1 633 1 562 1 563 1 569 1 587 1 588 1 735 1 
299 69 41 3 1 8 1 18 1 31 1 42 1 43 1 46 1 49 1 50 1 139 1 68 1 145 1 73 1 75 1 149 1 86 1 102 1 170 1 104 1 174 1 175 1 107 1 114 1 117 1 123 2 182 1 185 1 187 1 197 1 321 1 892 1 200 1 127 2 716 2 747 1 666 1 727 1 643 1 580 1 581 1 582 1 
300 69 0 
//idTournee nbColis
51 6
//IdColis IdCommandeInColis NbProducts IdProd1 QtyProd1 IdProd2 QtyProd2 ...
301 70 45 341 1 342 1 345 1 350 1 353 1 368 2 373 1 377 1 378 1 380 1 385 1 389 1 393 1 394 3 396 1 398 2 400 2 401 1 403 1 406 3 407 2 410 1 412 1 415 2 654 1 485 1 416 3 487 1 418 1 420 2 422 1 423 2 425 1 428 1 429 1 432 2 437 1 439 1 504 1 505 2 446 1 506 1 507 1 508 1 448 1 
302 70 52 4 2 17 1 913 1 27 1 43 2 61 1 280 1 92 1 94 1 158 1 95 1 905 1 104 1 108 1 117 2 118 1 182 1 185 1 236 1 296 1 205 1 510 1 452 1 453 1 601 1 523 1 602 1 604 1 606 1 538 1 539 1 691 1 544 2 780 1 618 1 707 1 624 1 741 1 829 1 628 1 629 1 557 1 859 1 559 1 632 2 561 1 565 1 567 2 570 1 572 2 766 1 577 1 
303 70 0 
304 71 42 342 1 349 1 373 1 382 1 385 1 392 3 400 2 401 4 407 2 479 1 486 1 487 1 436 1 439 1 503 2 505 1 446 1 687 1 453 1 520 2 522 4 690 1 526 2 529 1 530 1 534 2 536 2 456 2 737 1 615 2 738 2 619 1 707 1 708 1 709 3 741 1 627 1 629 1 556 1 712 2 713 1 633 2 
305 71 21 729 2 735 1 39 1 146 1 222 1 94 1 120 1 183 1 190 1 762 4 569 2 575 1 665 1 666 2 720 1 721 1 726 1 752 2 670 1 646 1 587 1 
306 72 56 463 3 349 1 356 1 650 1 362 1 368 1 370 1 373 1 375 1 393 1 398 1 401 1 403 1 479 1 409 1 410 1 415 1 483 1 484 1 654 1 417 2 418 1 490 1 422 1 426 2 494 2 499 1 435 2 437 1 438 2 505 1 506 1 448 1 657 2 517 1 452 1 600 2 522 1 526 2 606 1 535 2 536 2 538 1 455 1 609 1 457 1 546 1 550 2 623 1 552 2 553 1 710 1 628 1 559 2 560 1 692 1 
//idTournee nbColis
52 6
//IdColis IdCommandeInColis NbProducts IdProd1 QtyProd1 IdProd2 QtyProd2 ...
307 72 39 567 1 568 1 806 1 569 1 571 1 744 1 785 1 746 2 734 2 666 1 767 1 667 2 721 1 644 1 754 1 671 1 793 1 3 1 261 1 11 1 23 1 135 1 26 1 28 1 36 1 50 1 52 1 139 1 53 1 246 1 78 1 81 1 84 1 86 1 90 1 223 1 162 1 99 1 102 3 
308 72 13 170 1 106 1 107 1 179 1 183 1 187 1 188 1 124 1 200 1 128 1 338 1 339 1 342 1 
309 73 59 347 2 353 1 356 2 471 1 371 1 372 1 379 1 394 1 396 1 401 2 403 2 478 1 481 1 484 2 485 1 416 1 417 1 487 1 419 1 420 2 428 1 495 1 431 1 437 1 504 1 446 1 599 1 448 1 450 1 512 1 657 1 517 1 701 1 452 1 600 1 522 1 526 2 531 1 532 2 606 1 535 1 537 1 736 1 691 1 544 1 705 1 546 1 620 1 706 1 623 1 741 1 710 1 742 1 559 2 632 1 560 1 633 1 562 1 637 1 
310 73 25 4 2 53 1 276 1 82 1 83 1 96 1 97 1 175 1 123 1 318 1 188 1 190 1 624 1 553 1 708 1 664 1 572 1 775 1 746 1 747 1 721 1 748 1 749 1 725 1 588 1 
311 74 54 354 1 469 1 591 1 373 1 375 1 377 1 383 1 385 1 478 1 482 1 413 1 414 2 415 1 485 1 416 1 487 1 492 1 425 1 426 2 429 2 436 2 437 1 439 1 443 1 597 1 598 1 447 1 507 2 510 1 519 1 453 2 522 4 601 2 526 1 759 1 605 1 456 1 539 1 457 1 611 1 618 1 620 1 621 1 622 1 624 1 708 1 710 1 629 1 712 2 633 1 637 1 570 1 572 1 763 1 
312 74 46 716 1 640 1 820 1 577 1 696 1 788 1 721 3 748 1 750 1 725 1 727 1 580 1 753 1 808 1 583 3 671 1 585 1 672 2 728 1 729 1 3 2 15 1 20 1 24 1 34 1 39 1 43 1 44 1 138 1 50 1 53 1 143 1 66 1 68 1 69 1 277 1 217 1 898 1 218 1 158 1 98 1 883 1 167 1 102 2 226 1 112 1 
//idTournee nbColis
53 6
//IdColis IdCommandeInColis NbProducts IdProd1 QtyProd1 IdProd2 QtyProd2 ...
313 74 14 228 1 183 1 184 1 231 1 195 1 124 1 127 1 458 1 329 1 336 2 337 1 339 1 464 1 350 1 
314 75 61 648 1 468 1 469 1 471 1 382 1 476 1 479 3 410 1 415 2 416 1 595 1 686 1 417 1 418 1 420 1 426 1 428 1 656 1 431 1 443 1 503 1 446 1 506 1 448 1 450 1 512 2 517 1 522 3 525 1 526 1 528 1 532 1 535 1 536 1 538 1 539 1 540 1 661 1 704 1 760 1 546 1 621 1 551 1 622 1 625 1 626 1 712 1 633 1 564 1 567 2 639 1 716 1 719 1 667 1 579 1 724 1 645 1 753 2 646 1 588 1 4 2 
315 75 30 18 1 24 1 26 1 266 1 33 2 36 2 37 1 50 1 139 1 53 2 143 1 70 1 73 1 251 1 77 1 91 1 99 2 255 1 102 1 108 2 226 1 116 2 227 1 907 1 889 1 460 3 463 3 349 1 351 1 356 1 
316 75 0 
317 76 48 361 1 362 1 366 1 370 2 380 1 382 1 392 3 395 2 397 1 403 2 406 2 407 1 410 1 411 1 757 1 412 2 654 1 485 1 417 1 420 1 423 1 428 2 497 1 433 1 436 1 439 1 503 1 506 2 448 1 687 1 510 1 449 1 450 1 513 2 451 1 518 1 452 3 453 2 689 1 522 3 526 1 758 1 538 4 540 1 704 1 544 1 633 2 761 1 
318 76 39 546 1 706 1 550 1 742 1 556 1 869 1 631 1 559 2 712 1 560 1 568 2 715 1 716 2 776 1 576 1 577 2 696 1 666 3 787 1 724 1 580 1 753 1 646 1 793 1 3 2 7 1 240 2 286 1 263 1 20 2 265 1 266 2 34 1 209 1 210 1 44 1 214 2 73 1 78 1 
//idTournee nbColis
54 6
//IdColis IdCommandeInColis NbProducts IdProd1 QtyProd1 IdProd2 QtyProd2 ...
319 76 19 83 1 86 1 89 1 95 1 166 1 883 1 104 1 117 1 176 1 180 1 189 1 321 1 326 1 461 2 336 1 341 1 462 2 343 1 464 1 
320 77 56 650 1 676 1 373 1 770 1 389 1 392 1 395 1 396 1 397 2 398 1 401 2 403 1 406 1 479 1 409 1 486 1 492 1 424 1 436 1 437 1 505 2 446 1 506 1 447 1 517 1 453 1 520 1 600 1 522 2 601 1 523 1 524 1 526 2 527 1 603 1 535 2 536 1 455 1 608 1 609 1 612 2 546 2 619 1 621 1 773 1 552 1 708 1 741 1 710 2 630 1 556 1 632 1 562 1 564 1 774 1 637 1 
321 77 43 3 1 8 1 10 1 265 1 44 1 904 1 50 1 52 1 53 1 61 1 897 1 79 1 148 1 149 1 97 1 255 1 106 1 107 2 906 1 115 1 117 1 121 1 179 1 183 1 186 1 888 1 229 1 195 1 234 1 236 1 129 1 238 1 336 1 339 1 343 1 463 1 910 1 349 1 350 1 382 1 384 2 693 1 694 1 
322 77 10 747 1 769 1 721 1 727 1 645 1 754 1 809 1 584 1 671 1 729 2 
323 78 55 650 2 676 1 362 1 366 1 368 1 369 1 375 1 377 1 379 1 381 1 677 1 390 1 394 1 396 1 401 1 406 1 479 1 410 1 414 2 415 2 483 1 484 1 485 2 416 1 488 1 489 2 655 1 426 3 428 2 596 1 435 1 442 1 443 1 505 2 446 1 508 1 450 1 515 1 517 1 688 1 453 1 520 1 454 1 522 1 524 1 525 1 602 1 530 1 531 1 604 1 538 1 608 1 691 1 612 2 637 1 
324 78 48 704 1 544 1 780 1 546 2 836 1 773 1 622 2 876 1 628 3 859 1 559 1 762 1 572 1 807 1 715 1 744 2 776 1 693 1 576 2 694 1 696 1 666 1 723 1 752 1 581 1 670 1 810 1 800 1 729 1 1 1 3 2 131 1 300 1 132 1 133 1 20 1 24 1 134 1 27 1 37 1 49 1 69 2 71 1 82 1 86 1 158 1 882 1 96 1 
//idTournee nbColis
55 6
//IdColis IdCommandeInColis NbProducts IdProd1 QtyProd1 IdProd2 QtyProd2 ...
325 78 23 165 1 102 2 103 1 104 1 175 1 107 1 176 1 184 1 887 1 187 1 229 1 124 1 196 1 296 1 204 1 329 1 341 1 463 1 350 1 355 1 383 1 384 1 386 2 
326 79 49 469 1 591 2 364 1 652 2 373 1 389 3 476 1 392 1 398 2 477 1 400 2 404 1 405 3 406 2 407 1 410 4 757 1 415 1 421 1 422 1 427 1 431 1 435 1 437 1 443 3 775 1 693 1 666 1 719 1 721 1 579 1 750 1 726 1 645 1 485 1 416 2 486 1 417 3 488 1 418 1 489 1 680 2 509 1 448 2 512 2 451 1 518 2 453 1 454 1 
327 79 48 522 2 601 1 524 1 526 2 758 1 529 1 530 1 534 1 536 2 538 1 609 1 541 1 661 1 843 1 612 1 828 3 706 1 622 1 552 2 740 1 629 3 556 1 557 1 559 2 713 1 562 1 663 1 566 1 832 1 839 1 567 1 805 1 570 1 572 1 581 2 646 1 585 1 847 1 3 2 9 1 15 1 133 1 16 1 24 1 27 1 29 1 50 1 276 1 
328 79 29 68 1 70 1 71 1 73 1 217 1 254 1 96 1 172 2 107 1 116 1 117 1 118 1 185 1 321 1 127 1 329 1 338 1 464 1 347 1 348 1 351 1 355 1 650 3 377 1 380 1 683 1 592 1 386 2 684 1 
329 79 0 
330 80 47 367 1 373 2 391 3 476 1 392 3 393 1 396 1 400 3 478 1 404 1 410 1 412 3 654 2 416 2 420 1 426 2 427 1 656 2 433 1 501 1 437 1 438 2 443 4 504 1 505 1 506 2 447 1 507 2 571 2 763 1 574 2 775 2 746 2 776 1 576 1 766 1 696 2 767 3 719 2 668 3 643 1 580 2 581 2 753 1 584 1 585 2 509 1 
//idTournee nbColis
56 6
//IdColis IdCommandeInColis NbProducts IdProd1 QtyProd1 IdProd2 QtyProd2 ...
331 80 54 687 1 510 1 450 1 688 1 518 1 850 1 452 3 453 3 689 1 522 3 601 2 524 1 526 3 528 1 851 1 852 2 531 1 604 1 533 2 605 1 539 1 608 4 691 1 778 1 542 1 614 1 737 1 615 1 544 1 705 1 738 1 662 1 620 1 621 1 550 3 773 1 622 2 707 1 553 1 740 1 742 1 557 1 558 2 712 1 633 1 635 1 692 1 637 1 855 1 588 1 793 2 735 1 3 1 132 1 
332 80 44 28 1 243 1 137 1 209 1 39 1 44 1 46 1 50 1 139 1 54 2 140 1 59 1 897 1 72 1 73 1 80 1 97 1 165 1 100 1 167 1 112 1 114 1 176 1 899 1 185 1 186 1 190 1 231 1 204 1 327 1 461 1 901 2 339 1 347 1 466 2 352 1 354 1 359 1 650 1 473 1 379 1 382 2 383 2 386 1 
333 80 0 
334 81 62 477 1 401 1 403 1 406 2 407 1 484 1 492 1 423 1 427 1 495 1 429 1 437 1 794 1 439 1 446 1 507 1 450 1 688 1 519 1 452 1 454 1 759 1 797 1 529 1 603 1 532 1 534 1 535 1 538 1 607 1 539 2 661 1 615 1 544 1 621 1 551 1 623 1 709 1 741 1 629 1 557 1 559 1 562 1 567 1 568 1 574 1 799 1 696 1 719 1 668 1 721 1 669 1 754 1 791 1 583 1 584 1 800 1 588 4 793 1 729 1 735 1 6 1 
335 81 42 131 1 10 1 24 1 33 1 73 2 86 1 89 1 291 1 96 1 163 1 100 2 104 2 172 1 174 1 107 1 116 1 118 1 120 1 228 1 123 1 293 1 184 1 185 1 187 1 918 1 894 1 235 1 460 2 332 1 342 1 463 2 464 2 922 1 347 1 697 1 349 1 354 2 356 1 650 1 379 1 382 1 389 1 
336 81 0 
//idTournee nbColis
57 6
//IdColis IdCommandeInColis NbProducts IdProd1 QtyProd1 IdProd2 QtyProd2 ...
337 82 51 403 2 478 1 404 1 479 1 480 1 481 2 414 1 416 1 417 2 418 2 427 1 436 1 505 2 506 1 447 1 510 2 450 2 512 1 514 1 452 4 453 1 600 1 522 3 526 2 527 1 602 1 528 2 529 1 530 2 605 1 731 1 802 1 615 1 705 1 545 1 623 1 741 1 629 1 630 1 560 1 634 1 564 1 565 1 568 3 744 3 783 1 764 1 785 1 746 1 696 1 667 1 
338 82 47 131 1 206 1 15 1 133 1 30 1 36 1 218 1 86 1 97 1 168 1 105 1 172 1 273 1 175 1 107 1 899 1 181 1 907 1 185 1 190 1 199 1 202 1 237 1 129 1 297 1 324 1 673 1 334 1 338 1 342 1 343 1 346 1 351 1 649 1 468 1 364 1 471 3 371 1 375 1 377 1 380 1 386 1 389 2 392 1 394 1 437 1 443 1 
339 82 0 
340 83 58 479 2 408 1 410 2 480 1 413 1 415 1 484 2 654 1 485 1 416 1 428 1 505 1 446 1 506 1 450 2 512 2 513 1 657 2 518 1 519 1 453 1 600 2 521 1 522 2 690 2 525 1 526 2 527 1 535 1 536 1 538 1 608 1 691 1 814 1 662 1 546 1 619 1 620 2 706 2 552 1 624 1 553 2 742 1 629 1 556 1 712 2 561 1 819 1 806 1 743 2 571 2 820 1 785 1 576 1 668 2 721 1 579 1 643 1 
341 83 39 580 1 19 1 32 1 50 1 59 1 65 1 69 1 216 1 78 1 81 1 157 1 282 2 159 1 933 1 101 1 102 4 103 1 174 1 259 1 114 1 118 1 228 1 185 1 193 1 203 1 205 1 342 1 463 3 351 1 354 2 359 1 361 1 369 1 391 1 397 1 398 1 401 1 406 1 407 1 
342 83 0 
//idTournee nbColis
58 6
//IdColis IdCommandeInColis NbProducts IdProd1 QtyProd1 IdProd2 QtyProd2 ...
343 84 52 409 1 480 1 417 1 487 1 418 1 493 1 503 1 506 1 449 1 450 2 516 1 657 1 522 3 526 1 602 1 532 1 455 1 736 1 546 2 815 1 549 1 706 1 550 1 623 1 552 1 710 1 816 1 556 1 712 1 563 1 567 1 570 1 642 1 581 1 753 1 582 1 588 1 729 1 3 1 903 1 24 1 38 2 39 1 43 1 50 2 139 1 53 1 54 1 68 1 314 1 81 1 86 1 
344 84 37 94 1 157 2 96 1 905 1 102 1 103 1 225 1 117 1 318 1 190 1 191 1 124 1 237 1 204 1 460 1 339 1 342 1 354 1 467 1 468 1 650 1 469 1 367 1 471 1 373 1 375 1 382 1 911 1 389 1 396 1 403 1 427 1 495 2 431 1 432 1 439 1 442 1 
345 85 60 409 1 410 1 482 1 414 2 415 1 416 1 595 1 417 3 418 1 494 1 506 2 509 1 448 3 510 1 450 1 513 1 452 1 522 2 526 2 527 1 602 1 603 1 532 1 535 2 609 1 544 1 662 1 545 1 546 1 618 1 547 1 620 1 548 1 622 1 623 1 552 1 553 2 709 1 741 2 627 1 558 1 559 1 712 1 560 1 634 1 830 1 831 1 567 1 574 1 696 1 666 1 719 1 667 2 750 1 726 1 753 1 809 1 584 1 671 1 587 1 
346 85 41 4 2 903 1 13 1 36 1 137 1 209 1 43 1 50 1 61 1 69 1 89 1 255 2 104 1 105 1 175 2 107 2 114 2 117 1 884 1 123 1 181 1 888 1 188 1 235 1 460 1 339 1 463 2 354 1 467 2 650 1 471 1 369 1 379 1 382 1 911 1 394 2 396 1 403 1 407 1 479 1 428 1 
347 85 0 
348 86 56 484 1 595 1 419 1 700 1 506 2 509 1 510 1 519 1 452 1 526 2 532 1 535 1 536 1 607 2 814 1 546 1 618 1 549 1 706 1 622 1 554 1 625 1 709 2 741 1 559 1 632 1 633 1 562 1 637 1 714 1 744 1 694 1 666 1 719 1 668 1 669 1 582 1 588 1 4 2 20 1 34 1 36 1 140 1 143 1 65 1 76 1 147 1 80 1 218 1 86 2 89 1 163 1 98 1 107 1 109 1 114 1 
//idTournee nbColis
59 6
//IdColis IdCommandeInColis NbProducts IdProd1 QtyProd1 IdProd2 QtyProd2 ...
349 86 27 115 1 117 1 121 1 907 1 182 1 918 1 202 1 127 2 130 1 297 1 325 1 332 1 463 2 590 2 346 1 652 1 373 1 400 2 401 1 479 1 408 1 410 1 428 1 497 1 432 1 437 1 442 1 
350 87 52 487 1 506 2 598 1 507 1 510 2 657 1 517 2 452 2 524 1 602 1 530 1 533 1 535 1 539 1 541 1 814 1 612 1 615 1 550 1 553 2 709 1 629 2 630 1 559 1 712 1 561 1 635 1 564 1 664 1 693 1 695 1 666 2 767 1 769 1 748 1 750 1 580 1 585 2 588 2 240 1 38 1 43 1 50 1 140 1 63 1 69 1 314 1 71 1 83 1 924 1 94 1 224 1 
351 87 35 256 1 172 1 175 1 108 1 114 1 117 1 118 1 184 1 185 1 190 1 908 1 199 1 324 1 325 1 461 1 342 2 465 1 356 2 649 1 471 1 368 1 472 1 382 1 386 1 393 1 394 1 396 1 409 1 412 2 490 1 419 1 493 1 428 1 495 1 928 1 
352 88 56 514 1 517 1 518 1 520 1 600 2 521 1 690 2 603 1 607 1 660 1 691 2 544 1 738 1 546 2 773 1 552 1 553 1 629 1 859 1 632 1 560 1 743 2 569 1 716 1 744 1 785 1 719 1 725 1 581 2 670 1 583 1 585 2 3 1 131 1 300 1 209 1 43 1 44 1 904 1 49 1 58 1 247 1 144 1 279 1 282 1 308 1 168 1 174 1 107 1 114 1 115 1 116 1 227 1 123 1 190 1 319 1 
353 88 28 908 1 204 1 324 1 325 1 336 1 463 2 354 1 368 1 369 1 384 2 395 1 404 1 412 1 413 1 414 1 484 1 485 2 417 1 426 2 495 1 437 1 440 2 506 1 512 1 513 1 542 1 661 1 732 1 
354 89 44 519 2 526 1 528 1 531 1 536 1 548 1 708 1 740 1 709 3 559 1 561 1 774 1 567 1 568 2 806 1 776 1 694 1 753 1 670 1 791 1 588 1 4 1 24 1 35 1 53 2 245 1 69 1 148 1 220 1 221 1 156 1 316 1 106 1 175 3 108 1 118 2 123 1 916 1 197 1 321 1 129 1 296 1 460 1 463 2 
//idTournee nbColis
60 6
//IdColis IdCommandeInColis NbProducts IdProd1 QtyProd1 IdProd2 QtyProd2 ...
355 89 23 465 1 467 2 367 1 371 1 480 1 413 1 485 1 487 1 419 1 427 1 656 1 436 1 437 1 438 1 447 1 507 1 510 1 449 1 450 1 517 1 609 1 541 1 835 1 
356 90 54 519 2 522 2 526 2 527 1 532 2 533 1 538 1 620 1 622 1 554 1 711 1 629 1 559 1 633 1 664 1 568 1 776 1 734 2 767 1 578 1 769 1 722 1 580 1 646 1 584 1 585 3 587 1 4 2 24 1 265 1 37 1 39 1 44 1 46 1 52 1 53 1 54 1 220 1 221 1 163 1 97 1 166 1 167 1 120 1 915 1 186 1 190 1 191 1 900 1 192 1 902 1 202 1 237 1 238 1 
357 90 29 204 1 329 1 343 1 463 3 590 1 675 1 349 1 469 1 366 1 370 1 375 1 919 1 911 1 476 1 393 1 396 1 398 1 401 1 478 1 414 1 595 1 489 1 419 1 495 1 432 2 504 1 506 1 514 1 541 1 
358 91 48 527 1 528 1 531 1 615 1 621 1 552 2 818 1 716 1 744 1 577 1 696 1 667 1 720 1 768 1 721 1 726 1 585 2 729 1 286 1 265 1 32 1 35 1 38 1 45 1 49 2 66 1 69 1 216 1 278 1 898 1 83 1 89 1 90 1 154 1 94 1 257 1 115 1 117 1 118 1 122 1 916 1 196 1 129 1 463 1 348 1 469 1 366 1 677 1 
359 91 19 911 2 386 1 389 1 404 1 412 2 417 2 428 1 495 1 431 1 436 1 935 1 512 1 514 2 519 1 452 2 521 2 522 1 536 1 703 1 
360 92 51 528 1 533 1 535 1 706 1 872 1 553 1 555 1 741 1 711 1 742 1 633 1 762 1 568 1 775 1 747 2 581 1 582 1 792 1 735 1 22 1 34 1 243 1 53 1 92 1 95 1 99 1 256 1 102 1 257 1 106 1 175 1 108 1 123 1 916 1 185 1 186 1 320 1 233 1 892 1 236 1 336 1 339 1 342 2 345 1 361 1 370 1 472 1 378 1 383 1 394 1 396 1 
//idTournee nbColis
61 6
//IdColis IdCommandeInColis NbProducts IdProd1 QtyProd1 IdProd2 QtyProd2 ...
361 92 16 401 2 412 1 414 1 484 1 489 1 424 1 495 2 438 1 936 2 446 1 510 1 514 1 833 1 454 1 522 1 536 1 
362 93 50 532 2 545 1 618 2 619 1 550 2 623 1 554 1 564 1 567 1 568 1 716 1 576 1 695 1 577 1 667 1 578 1 668 1 722 1 581 1 584 1 585 2 672 1 588 1 206 1 28 1 136 1 36 1 52 1 923 1 86 1 154 1 165 1 256 1 167 1 108 1 115 1 116 1 119 1 123 1 229 1 195 1 233 1 342 2 347 1 348 1 468 1 373 1 382 1 402 1 406 1 
363 93 23 479 1 410 1 412 1 486 1 417 1 494 1 495 1 435 2 438 2 439 1 442 1 446 2 777 1 510 1 450 1 515 1 517 1 600 1 521 2 529 1 603 1 534 1 538 1 
364 94 49 1 1 4 1 881 1 133 1 32 1 209 1 52 1 143 1 221 1 108 1 121 1 227 1 885 1 886 1 887 1 229 1 889 1 890 1 891 1 200 1 893 1 313 1 342 1 366 1 387 1 485 1 896 1 423 1 424 1 499 1 440 1 441 1 446 1 447 1 508 1 657 1 517 1 701 1 519 2 526 1 527 1 535 1 536 2 607 1 661 1 836 1 556 1 561 1 564 2 
365 94 0 
366 95 33 3 1 76 1 81 1 90 1 96 1 172 1 107 1 182 1 185 1 189 1 892 1 127 1 463 2 349 1 367 1 389 1 401 1 428 1 495 1 433 1 446 1 526 1 606 1 538 1 615 1 623 1 634 1 572 1 666 1 767 1 725 1 581 1 847 1 
//idTournee nbColis
62 6
//IdColis IdCommandeInColis NbProducts IdProd1 QtyProd1 IdProd2 QtyProd2 ...
367 96 52 3 2 263 1 34 1 40 1 66 1 71 1 145 1 86 1 96 1 165 2 102 1 175 2 107 1 228 1 123 1 235 1 130 1 460 1 332 1 346 1 370 1 377 1 389 1 394 1 398 1 401 1 410 1 412 1 487 1 493 1 426 1 437 1 446 1 448 1 512 2 517 1 526 1 529 1 530 1 532 1 533 1 535 1 536 1 537 1 455 1 607 1 546 1 618 1 552 1 553 1 556 1 632 1 
368 96 0 
369 97 49 131 1 133 2 209 1 52 1 68 1 76 2 154 1 93 1 104 1 114 1 120 2 229 2 900 1 127 2 237 1 297 1 927 2 342 1 697 2 356 1 591 1 470 2 652 1 386 2 394 1 401 1 653 1 417 2 428 2 680 2 509 1 452 2 520 1 522 3 601 1 526 1 824 1 455 1 929 1 612 1 640 1 930 1 719 1 931 1 789 1 932 1 642 1 669 1 588 1 
370 97 0 
371 98 16 206 1 925 1 926 1 184 1 190 2 296 1 327 1 471 2 385 1 401 4 420 1 498 1 437 1 522 1 690 3 743 2 
372 99 33 132 1 133 1 32 1 38 1 216 1 76 1 154 1 114 1 229 2 127 2 296 1 356 2 473 1 401 1 653 1 412 2 415 1 934 1 450 2 523 1 702 1 553 1 761 1 563 1 570 1 930 1 767 1 942 1 943 1 727 1 644 1 580 1 735 1 
//idTournee nbColis
63 3
//IdColis IdCommandeInColis NbProducts IdProd1 QtyProd1 IdProd2 QtyProd2 ...
373 100 35 133 1 53 1 216 1 76 1 149 1 154 1 229 1 127 1 237 1 238 1 470 1 401 1 486 1 934 1 426 2 657 2 937 2 938 1 824 1 939 1 929 1 940 1 737 2 804 1 563 1 774 1 570 1 665 1 941 1 942 2 931 1 789 2 943 2 580 1 810 1 
374 101 31 944 1 32 1 34 2 37 1 44 2 945 1 69 1 216 1 149 2 946 1 112 2 120 1 123 1 188 1 190 1 127 1 324 2 325 1 697 1 407 1 414 1 493 2 612 1 553 1 949 2 853 1 563 1 719 1 931 1 943 1 644 1 
375 102 13 38 1 288 1 69 1 76 1 123 1 591 1 417 2 429 1 511 1 526 2 536 1 948 1 580 1 
