//Nb tournees
13
//idTournee nbColis
1 6
//IdColis IdCommandeInColis NbProducts IdProd1 QtyProd1 IdProd2 QtyProd2 ...
1 1 8 1 1 6 4 8 1 22 1 35 2 37 2 40 1 51 2 
2 1 19 94 1 107 2 108 1 115 1 116 1 120 1 121 1 133 1 134 1 135 2 136 1 137 1 138 1 139 1 140 1 142 2 143 1 144 2 147 2 
3 1 9 149 1 150 4 151 2 153 1 154 1 155 4 156 2 158 1 163 2 
4 1 7 168 6 172 1 174 2 177 4 164 2 165 4 166 2 
5 1 8 190 4 199 1 167 3 217 5 219 4 221 1 222 1 225 2 
6 1 15 227 4 228 1 229 4 242 1 246 1 207 2 209 1 251 2 252 1 239 1 257 1 258 2 260 1 261 1 12 1 
//idTournee nbColis
2 6
//IdColis IdCommandeInColis NbProducts IdProd1 QtyProd1 IdProd2 QtyProd2 ...
7 1 13 33 2 262 1 80 1 81 1 42 2 82 1 45 1 83 2 48 2 49 1 265 1 269 1 272 1 
8 1 12 273 2 274 1 93 1 278 1 282 1 193 1 208 2 248 1 250 1 287 1 288 2 289 5 
9 1 0 
10 2 9 1 1 6 3 15 1 17 1 21 1 22 1 24 1 30 2 37 3 
11 2 13 55 1 12 1 58 1 25 1 59 1 60 1 33 2 62 1 63 2 66 1 69 1 48 2 74 1 
12 2 2 35 4 39 1 
//idTournee nbColis
3 6
//IdColis IdCommandeInColis NbProducts IdProd1 QtyProd1 IdProd2 QtyProd2 ...
13 2 3 67 2 40 1 79 2 
14 2 10 44 4 47 2 86 2 87 2 94 1 95 1 96 1 101 1 104 1 105 1 
15 2 18 106 1 107 2 108 1 109 1 110 1 111 1 114 2 115 1 120 1 121 1 129 1 130 1 131 1 134 1 135 3 136 1 150 3 151 2 
16 2 16 155 2 156 4 157 1 158 2 160 1 161 2 162 1 170 3 172 2 173 1 174 1 140 1 175 2 176 1 179 1 181 1 
17 2 10 182 3 183 3 184 1 144 3 185 1 186 1 188 2 147 3 148 3 177 1 
18 2 5 190 6 198 3 199 3 167 4 168 7 
//idTournee nbColis
4 6
//IdColis IdCommandeInColis NbProducts IdProd1 QtyProd1 IdProd2 QtyProd2 ...
19 2 11 164 3 165 1 196 1 213 2 215 1 217 3 197 1 219 2 223 1 225 1 226 2 
20 2 17 227 3 193 1 242 3 243 1 204 2 205 1 245 1 206 1 207 2 208 2 209 1 247 1 234 2 235 1 249 1 236 1 253 1 
21 2 17 254 1 255 1 240 1 256 3 259 2 42 2 70 1 266 1 268 1 269 1 270 1 278 1 260 1 292 1 89 2 294 1 76 1 
22 2 11 296 3 273 4 92 1 228 3 229 3 304 1 307 2 287 2 289 4 299 2 301 2 
23 2 0 
24 3 19 2 1 7 1 9 1 10 2 11 1 12 1 13 1 14 1 18 1 23 1 31 1 32 1 33 2 38 1 41 1 48 2 50 1 54 1 28 1 
//idTournee nbColis
5 6
//IdColis IdCommandeInColis NbProducts IdProd1 QtyProd1 IdProd2 QtyProd2 ...
25 3 7 29 1 30 2 37 2 39 2 40 1 51 1 82 2 
26 3 6 44 2 84 1 49 1 88 1 92 1 99 1 
27 3 19 100 1 104 2 106 1 107 2 108 1 109 1 119 1 121 1 122 1 124 2 130 1 131 1 134 1 135 2 136 1 138 1 148 1 150 1 153 1 
28 3 13 160 1 161 2 163 2 164 1 165 2 166 2 167 4 168 2 169 1 171 1 172 1 174 1 140 2 
29 3 16 175 2 141 1 142 2 180 1 143 2 182 1 183 1 144 2 185 1 188 1 189 1 191 1 147 2 192 1 193 1 196 2 
30 3 9 213 1 214 2 216 1 197 1 219 1 221 1 223 2 226 6 227 1 
//idTournee nbColis
6 6
//IdColis IdCommandeInColis NbProducts IdProd1 QtyProd1 IdProd2 QtyProd2 ...
31 3 12 42 2 267 1 269 1 270 1 271 1 275 1 280 1 281 1 285 1 286 2 207 2 208 2 
32 3 16 76 1 296 3 272 1 273 1 274 1 244 4 228 1 297 1 302 2 303 1 246 1 209 1 308 1 311 1 239 2 241 1 
33 3 1 260 2 
34 3 0 
35 4 12 3 1 6 1 29 1 30 1 37 1 39 1 40 2 43 1 44 1 45 2 46 1 47 1 
36 4 11 49 1 56 1 57 1 12 1 13 1 61 1 33 2 64 1 65 1 68 1 48 2 
//idTournee nbColis
7 6
//IdColis IdCommandeInColis NbProducts IdProd1 QtyProd1 IdProd2 QtyProd2 ...
37 4 17 71 1 72 1 73 1 75 1 103 1 106 2 107 2 108 1 109 2 110 1 111 1 117 2 121 2 123 1 127 1 129 1 130 2 
38 4 9 134 1 135 3 137 2 148 1 150 6 151 3 152 3 155 1 156 3 
39 4 11 158 1 159 1 160 4 161 4 163 6 138 1 139 1 140 2 175 2 176 2 178 1 
40 4 8 143 3 182 1 184 1 144 3 187 1 189 1 147 3 168 6 
41 4 8 169 4 170 2 172 5 174 6 193 1 194 1 177 2 166 3 
42 4 7 190 7 198 3 200 5 210 1 165 3 211 1 212 4 
//idTournee nbColis
8 6
//IdColis IdCommandeInColis NbProducts IdProd1 QtyProd1 IdProd2 QtyProd2 ...
43 4 9 196 3 213 1 217 3 197 2 218 2 219 5 221 1 222 2 225 3 
44 4 4 226 7 227 1 244 2 229 7 
45 4 11 42 2 264 1 269 1 271 1 283 1 284 1 207 3 208 2 87 1 90 2 248 1 
46 4 19 250 1 288 2 289 6 299 2 301 1 245 1 305 1 209 1 306 1 237 1 308 1 309 1 310 1 252 1 311 1 300 1 312 1 259 2 313 1 
47 4 0 
48 5 12 3 2 6 3 19 1 21 2 22 1 26 1 28 1 29 1 36 1 37 1 5 1 52 1 
//idTournee nbColis
9 6
//IdColis IdCommandeInColis NbProducts IdProd1 QtyProd1 IdProd2 QtyProd2 ...
49 5 3 57 1 12 1 58 1 
50 5 2 30 5 32 1 
51 5 5 33 2 42 2 70 1 48 2 76 1 
52 5 4 77 1 35 1 39 1 67 2 
53 5 11 40 2 80 1 81 2 82 1 44 4 45 1 86 1 89 1 90 4 91 1 93 4 
54 5 18 98 1 102 1 105 1 106 2 107 2 108 1 113 1 114 2 117 1 121 1 126 1 128 1 129 1 132 1 134 1 135 3 136 1 147 3 
//idTournee nbColis
10 6
//IdColis IdCommandeInColis NbProducts IdProd1 QtyProd1 IdProd2 QtyProd2 ...
55 5 8 148 2 150 1 152 3 154 1 155 2 158 7 159 1 160 5 
56 5 7 161 4 162 3 156 2 157 1 163 4 169 9 170 1 
57 5 6 172 6 174 5 194 7 195 1 177 4 164 1 
58 5 11 165 2 196 1 182 1 184 1 144 3 185 1 197 3 188 2 166 1 190 7 198 4 
59 5 10 167 7 168 7 192 1 193 1 201 1 202 1 203 1 204 1 205 1 206 1 
60 5 6 207 3 208 2 209 1 213 2 214 3 217 7 
//idTournee nbColis
11 6
//IdColis IdCommandeInColis NbProducts IdProd1 QtyProd1 IdProd2 QtyProd2 ...
61 5 5 219 9 221 2 222 3 223 2 225 7 
62 5 10 226 3 227 1 229 3 248 1 250 7 269 1 295 2 296 2 271 1 272 1 
63 5 15 273 3 287 3 298 1 236 1 289 2 290 1 239 1 300 1 240 3 256 1 258 1 301 1 259 2 260 1 292 1 
64 5 0 
65 6 13 4 1 5 1 11 1 12 1 16 1 20 1 23 1 25 1 27 1 33 2 34 1 42 2 48 2 
66 6 7 50 1 6 2 53 1 54 2 24 1 28 3 30 2 
//idTournee nbColis
12 6
//IdColis IdCommandeInColis NbProducts IdProd1 QtyProd1 IdProd2 QtyProd2 ...
67 6 5 67 4 51 1 40 1 78 1 47 2 
68 6 18 83 2 85 1 97 1 106 3 112 1 118 1 124 2 125 1 128 1 130 2 133 1 134 1 136 1 138 1 139 1 141 1 145 1 146 1 
69 6 8 148 2 150 5 151 4 152 1 156 4 158 3 159 1 160 2 
70 6 5 161 3 162 1 163 4 177 4 190 7 
71 6 5 168 9 172 3 165 3 196 4 180 1 
72 6 12 217 4 144 2 192 1 219 2 220 1 201 1 222 5 224 1 225 5 204 2 230 1 231 1 
//idTournee nbColis
13 4
//IdColis IdCommandeInColis NbProducts IdProd1 QtyProd1 IdProd2 QtyProd2 ...
73 6 14 207 2 208 2 232 1 233 1 209 1 234 1 235 1 236 1 237 1 238 1 239 1 240 1 241 2 226 7 
74 6 5 227 1 244 9 263 1 70 1 269 1 
75 6 11 271 1 276 1 277 1 279 1 290 1 291 1 259 1 293 1 45 2 273 1 92 1 
76 6 3 229 4 248 2 289 1 
//Nb tournees
9
//idTournee nbColis
14 6
//IdColis IdCommandeInColis NbProducts IdProd1 QtyProd1 IdProd2 QtyProd2 ...
77 1 41 1 2 6 1 7 1 10 2 12 2 13 2 14 2 19 1 21 2 24 1 29 1 31 1 32 1 35 2 45 1 50 2 60 1 61 2 63 1 65 2 69 1 71 1 79 1 83 2 87 1 88 1 89 1 92 1 94 1 97 1 98 1 101 1 103 1 104 2 105 4 106 2 107 2 109 1 112 1 113 1 120 1 
78 1 14 121 2 134 4 137 3 138 1 142 1 144 5 153 2 158 1 159 1 160 1 168 1 175 2 177 1 180 2 
79 1 21 186 2 190 2 191 1 192 1 195 1 136 1 198 1 199 1 141 2 201 1 202 1 157 1 208 1 210 1 211 1 220 1 223 1 225 1 231 1 232 1 234 1 
80 1 15 238 1 240 1 243 1 247 1 183 2 357 1 288 1 358 2 292 1 259 4 359 1 298 1 301 1 329 1 261 1 
81 1 24 305 1 339 1 307 2 344 1 309 1 312 1 361 2 365 1 366 1 16 1 368 1 369 1 370 1 114 1 371 1 373 2 374 1 118 1 375 1 376 2 377 4 378 1 381 1 382 1 
82 1 0 
//idTournee nbColis
15 6
//IdColis IdCommandeInColis NbProducts IdProd1 QtyProd1 IdProd2 QtyProd2 ...
83 2 42 1 1 4 2 5 1 6 1 10 1 12 1 13 2 14 2 21 2 25 1 26 1 35 2 37 4 38 1 40 5 41 4 44 1 49 1 50 1 52 1 54 1 55 1 58 1 60 1 64 1 65 1 70 1 74 1 77 1 79 1 85 1 86 1 90 1 92 1 97 1 105 1 109 2 111 1 114 1 115 1 116 1 117 4 
84 2 23 118 1 120 3 123 1 126 2 127 1 130 1 131 1 133 1 141 2 145 1 147 1 152 1 154 1 156 1 161 1 164 1 166 1 167 1 169 1 170 1 171 2 174 1 182 1 
85 2 13 187 1 137 2 148 1 153 2 155 2 158 2 172 1 218 1 177 1 179 3 180 1 183 3 228 2 
86 2 10 188 2 243 1 245 1 247 1 248 3 252 2 256 2 257 2 259 3 260 1 
87 2 18 261 3 263 1 265 1 224 1 266 1 267 1 269 1 236 1 270 1 274 1 275 1 277 1 278 1 281 1 292 1 293 1 294 1 295 1 
88 2 19 298 1 315 1 316 1 328 1 331 1 332 2 333 1 334 1 336 1 338 2 339 1 306 1 341 1 342 2 307 1 343 1 345 1 346 1 351 1 
//idTournee nbColis
16 6
//IdColis IdCommandeInColis NbProducts IdProd1 QtyProd1 IdProd2 QtyProd2 ...
89 2 8 352 1 353 1 303 3 340 2 344 2 386 1 371 2 383 2 
90 2 0 
91 3 49 1 3 3 1 4 1 6 2 8 1 10 2 12 2 13 2 14 2 18 1 19 2 20 1 21 2 27 1 33 1 34 1 35 2 48 3 50 2 53 1 57 1 59 1 60 1 65 2 73 1 74 1 76 1 78 2 79 1 81 2 82 1 84 1 85 1 87 1 88 1 89 1 94 1 95 2 98 2 99 1 100 1 101 1 103 1 105 5 106 2 107 2 108 1 119 2 120 1 
92 3 14 121 2 129 1 139 3 143 1 148 5 151 1 155 3 159 1 163 1 173 2 176 1 179 1 183 1 188 2 
93 3 19 126 1 128 2 130 2 194 1 133 1 196 1 146 2 204 1 208 1 162 1 213 1 215 1 216 1 217 1 220 1 221 1 225 1 227 1 230 1 
94 3 17 244 1 264 1 247 1 224 1 248 1 232 1 233 1 249 1 269 1 236 1 237 1 272 1 273 2 251 1 252 2 276 1 277 1 
//idTournee nbColis
17 6
//IdColis IdCommandeInColis NbProducts IdProd1 QtyProd1 IdProd2 QtyProd2 ...
95 3 14 279 3 280 2 283 2 287 2 288 1 289 1 290 1 291 1 256 2 238 1 297 1 260 1 302 1 261 3 
96 3 18 303 1 314 1 328 1 304 1 305 1 338 2 339 1 346 1 312 1 363 1 315 1 316 1 364 1 372 1 373 1 380 1 383 1 360 2 
97 3 7 340 3 344 2 385 1 349 1 47 1 96 1 401 1 
98 3 0 
99 4 55 1 1 2 3 6 3 7 2 9 2 11 2 14 2 17 2 19 1 20 1 21 2 22 2 23 1 28 3 30 1 33 1 35 1 36 1 37 4 38 1 39 1 40 5 41 1 42 1 43 2 44 2 46 1 49 1 51 1 53 1 56 1 60 1 62 2 66 1 67 1 68 1 80 2 81 1 82 1 83 1 84 1 85 1 88 1 91 1 92 1 94 1 95 2 98 4 99 1 100 2 101 1 102 1 107 2 108 1 109 1 
100 4 22 125 1 128 1 132 1 133 1 135 1 136 1 140 1 145 1 146 1 149 1 150 1 152 1 157 1 161 1 162 1 165 1 166 1 169 1 178 1 181 2 184 1 185 1 
//idTournee nbColis
18 6
//IdColis IdCommandeInColis NbProducts IdProd1 QtyProd1 IdProd2 QtyProd2 ...
101 4 14 189 1 137 1 138 1 153 1 155 1 158 2 207 1 163 1 214 1 172 1 175 1 177 3 179 3 228 1 
102 4 14 186 1 229 1 243 2 244 1 245 2 246 1 247 2 250 2 251 1 253 1 254 2 255 1 256 1 258 1 
103 4 18 259 3 262 1 221 1 224 1 231 1 266 1 268 1 275 1 278 1 282 1 284 1 285 1 286 1 289 1 293 1 295 1 238 1 296 1 
104 4 12 317 1 318 1 320 1 260 3 326 2 327 2 300 1 328 2 329 2 261 3 303 1 330 1 
105 4 16 332 2 335 1 336 1 338 2 341 1 342 2 307 1 343 2 344 1 309 1 347 2 348 1 350 1 351 1 313 2 354 1 
106 4 11 355 2 356 2 387 1 396 2 397 1 118 1 398 1 399 1 400 1 120 1 383 1 
//idTournee nbColis
19 6
//IdColis IdCommandeInColis NbProducts IdProd1 QtyProd1 IdProd2 QtyProd2 ...
107 4 0 
108 5 36 3 1 6 1 10 2 12 2 13 2 14 2 15 2 16 1 19 3 21 2 35 2 47 1 48 1 50 2 60 1 65 2 66 1 69 1 71 1 72 3 73 1 74 1 75 1 78 1 79 2 81 1 82 1 84 1 88 1 93 1 94 1 95 1 96 1 98 2 100 1 101 1 
109 5 17 103 1 105 5 107 2 109 2 110 1 114 1 115 2 116 2 120 1 122 1 124 1 137 3 139 2 148 4 151 1 153 3 155 5 
110 5 15 158 4 173 3 126 1 128 1 130 1 193 1 135 1 136 1 197 1 200 1 157 1 209 1 212 1 171 2 216 1 
111 5 12 217 1 222 1 224 1 185 2 231 1 236 1 207 3 159 2 168 2 242 1 218 2 175 3 
112 5 6 177 6 179 3 180 2 243 4 244 2 245 2 
//idTournee nbColis
20 6
//IdColis IdCommandeInColis NbProducts IdProd1 QtyProd1 IdProd2 QtyProd2 ...
113 5 6 247 4 248 3 183 5 188 2 249 3 256 3 
114 5 10 258 3 259 5 272 2 273 1 319 1 275 1 252 5 276 1 277 1 278 1 
115 5 12 279 5 280 1 321 1 322 1 286 1 287 1 323 3 255 1 324 1 297 1 325 2 260 1 
116 5 6 329 5 261 5 303 2 330 1 337 2 340 1 
117 5 10 344 3 349 3 315 2 316 3 328 1 301 2 305 2 338 1 309 1 346 1 
118 5 10 312 1 361 1 362 2 313 1 373 1 379 1 381 1 382 1 383 1 384 1 
//idTournee nbColis
21 6
//IdColis IdCommandeInColis NbProducts IdProd1 QtyProd1 IdProd2 QtyProd2 ...
119 5 0 
120 6 12 121 1 134 6 137 2 138 3 139 1 144 5 148 6 155 2 158 4 160 1 163 1 172 1 
121 6 20 126 1 128 1 197 1 200 2 146 2 149 1 203 1 205 1 206 1 208 1 213 1 219 1 181 1 222 1 224 1 226 1 233 1 235 1 237 1 239 2 
122 6 9 168 1 241 1 175 3 177 4 179 1 180 3 245 2 183 2 228 2 
123 6 10 188 1 249 2 271 1 274 2 251 1 252 5 279 5 289 1 290 1 256 2 
124 6 12 257 4 259 5 297 1 299 1 300 1 301 1 304 1 305 1 306 1 307 2 308 1 309 1 
//idTournee nbColis
22 3
//IdColis IdCommandeInColis NbProducts IdProd1 QtyProd1 IdProd2 QtyProd2 ...
125 6 12 310 1 311 1 312 1 313 1 317 1 325 1 302 1 329 2 261 3 303 3 360 2 344 2 
126 6 37 349 2 367 1 338 1 6 2 10 1 12 1 13 2 14 2 20 2 21 2 388 1 22 1 33 1 389 1 35 2 39 2 45 1 50 1 51 1 60 1 65 1 70 1 74 1 390 1 83 1 85 1 89 1 92 1 391 1 100 1 392 1 105 4 106 1 393 1 394 2 395 1 383 1 
127 6 0 
//Nb tournees
35
//idTournee nbColis
23 6
//IdColis IdCommandeInColis NbProducts IdProd1 QtyProd1 IdProd2 QtyProd2 ...
128 1 16 1 1 2 1 9 1 10 1 12 1 14 1 21 1 22 1 23 1 30 2 32 1 45 1 48 1 53 1 54 1 57 1 
129 1 24 173 1 317 1 347 1 191 1 195 1 262 1 199 1 265 1 204 3 205 1 336 1 207 1 209 1 213 1 215 1 220 1 223 1 227 1 232 1 281 1 356 2 357 1 358 1 359 1 
130 1 11 136 2 456 1 119 1 454 1 474 1 239 1 475 1 410 1 370 1 412 1 374 1 
131 1 0 
132 2 9 3 3 17 1 20 1 26 1 27 2 29 1 36 2 38 1 39 2 
133 2 10 62 1 63 1 68 1 77 1 82 1 90 1 91 1 92 1 93 1 246 1 
//idTournee nbColis
24 6
//IdColis IdCommandeInColis NbProducts IdProd1 QtyProd1 IdProd2 QtyProd2 ...
134 2 11 175 1 186 1 190 1 192 1 260 1 262 2 266 3 268 5 212 3 213 1 214 2 
135 2 9 216 2 217 2 201 2 203 5 206 3 306 2 363 3 205 1 279 1 
136 2 20 228 2 230 1 409 1 416 1 402 1 418 1 419 1 378 1 382 1 355 1 401 2 386 5 243 1 40 2 42 1 141 1 151 1 152 1 49 2 153 1 
137 2 15 160 1 117 1 55 2 120 1 145 3 204 1 323 2 354 2 377 2 467 1 136 1 468 1 470 1 453 1 316 1 
138 2 10 173 1 346 1 185 1 188 2 191 1 199 1 264 1 334 1 207 2 215 2 
139 2 0 
//idTournee nbColis
25 6
//IdColis IdCommandeInColis NbProducts IdProd1 QtyProd1 IdProd2 QtyProd2 ...
140 3 18 4 1 5 1 11 1 12 1 16 1 24 1 30 1 31 1 35 1 37 1 48 1 50 1 53 1 54 1 60 1 61 1 166 1 170 1 
141 3 20 173 1 175 1 177 1 180 1 182 1 184 1 188 1 191 1 199 1 203 1 207 1 208 1 209 1 215 1 216 3 217 1 219 1 220 1 204 1 205 1 
142 3 23 395 1 365 1 354 1 397 1 355 2 279 1 228 1 230 1 327 1 342 1 329 1 398 1 399 1 400 1 401 1 393 1 283 2 239 1 373 1 402 1 374 1 403 1 404 1 
143 3 0 
144 4 10 6 1 15 2 18 1 27 1 28 1 29 2 34 3 36 2 41 3 51 1 
145 4 15 52 2 64 1 66 1 68 1 69 1 21 1 71 1 24 1 37 1 81 1 82 2 83 1 85 1 87 1 88 1 
//idTournee nbColis
26 6
//IdColis IdCommandeInColis NbProducts IdProd1 QtyProd1 IdProd2 QtyProd2 ...
146 4 8 90 1 91 1 146 1 42 2 43 1 150 2 151 2 154 1 
147 4 19 157 2 159 1 117 1 144 2 145 3 170 1 289 1 294 1 182 1 183 1 258 1 191 1 261 1 263 1 199 1 271 1 272 1 207 2 307 1 
148 4 13 275 2 310 1 232 2 281 2 250 1 175 1 293 1 295 1 186 3 192 6 194 2 260 1 262 1 
149 4 6 217 6 276 1 219 6 266 3 380 2 206 5 
150 4 7 338 2 339 2 210 2 213 3 214 4 216 1 203 5 
151 4 25 204 3 325 1 222 3 365 1 354 1 225 4 106 1 467 1 420 1 458 1 227 1 342 1 472 1 329 1 357 1 282 3 238 1 474 1 475 1 410 1 411 1 413 1 373 1 374 1 419 2 
//idTournee nbColis
27 6
//IdColis IdCommandeInColis NbProducts IdProd1 QtyProd1 IdProd2 QtyProd2 ...
152 4 9 55 1 438 1 226 2 397 2 356 6 401 2 386 5 439 2 243 2 
153 4 0 
154 5 16 6 3 13 1 18 1 19 1 33 1 34 3 36 3 40 1 41 1 42 1 43 1 46 2 47 1 49 1 52 1 10 1 
155 5 9 12 1 30 2 48 1 53 1 105 1 54 1 118 1 121 1 122 1 
156 5 11 101 4 141 2 153 1 154 1 156 2 159 3 55 1 161 1 163 1 120 3 145 2 
157 5 10 246 1 249 3 250 1 175 1 176 1 187 2 196 2 262 1 213 2 216 2 
//idTournee nbColis
28 6
//IdColis IdCommandeInColis NbProducts IdProd1 QtyProd1 IdProd2 QtyProd2 ...
158 5 13 200 2 201 1 203 1 204 1 306 2 211 2 212 6 325 1 222 2 354 2 377 2 225 1 378 1 
159 5 17 456 1 56 2 61 1 480 1 285 1 173 1 251 1 296 1 258 1 191 1 195 2 199 1 265 1 205 1 207 2 215 2 278 1 
160 5 10 366 1 382 6 355 1 328 1 281 2 356 1 401 4 385 1 386 2 243 3 
161 5 0 
162 6 13 6 1 7 1 8 1 20 1 25 3 36 2 38 1 39 2 40 2 44 1 55 2 56 2 58 1 
163 6 9 59 1 9 1 12 1 30 2 97 1 103 1 45 1 48 1 83 1 
//idTournee nbColis
29 6
//IdColis IdCommandeInColis NbProducts IdProd1 QtyProd1 IdProd2 QtyProd2 ...
164 6 9 155 1 53 1 54 1 136 2 162 1 316 1 288 1 173 1 251 1 
165 6 18 294 1 319 1 183 1 185 1 297 1 258 1 191 1 195 2 269 2 323 1 207 2 209 1 215 2 277 1 324 1 223 1 250 2 317 1 
166 6 11 295 3 200 1 266 2 333 1 338 1 339 1 210 1 211 2 213 2 216 3 217 2 
167 6 9 119 1 481 1 203 2 204 3 206 5 222 2 354 2 482 1 226 1 
168 6 13 397 2 472 1 329 1 231 2 232 1 233 1 386 4 409 1 464 1 373 2 374 1 244 1 418 1 
169 6 0 
//idTournee nbColis
30 6
//IdColis IdCommandeInColis NbProducts IdProd1 QtyProd1 IdProd2 QtyProd2 ...
170 7 11 62 1 65 1 68 1 70 1 72 1 45 1 82 2 88 1 90 1 168 1 171 1 
171 7 12 174 1 177 2 179 2 186 2 190 1 192 1 194 1 196 3 197 3 219 6 220 2 248 1 
172 7 20 172 1 173 1 251 1 252 1 253 1 254 1 255 1 256 1 257 1 188 2 189 1 258 1 261 2 198 1 263 1 265 1 274 1 209 1 215 2 277 1 
173 7 9 200 3 302 1 201 1 333 1 376 6 211 1 212 5 352 4 217 3 
174 7 8 203 3 204 2 363 3 325 1 365 2 354 2 226 1 397 3 
175 7 12 382 5 110 1 27 1 31 1 134 1 47 1 51 1 157 1 159 1 438 1 383 1 401 5 
//idTournee nbColis
31 6
//IdColis IdCommandeInColis NbProducts IdProd1 QtyProd1 IdProd2 QtyProd2 ...
176 7 14 394 2 239 2 91 1 106 1 456 1 108 1 202 2 205 2 207 2 307 1 457 1 313 1 406 1 228 2 
177 7 1 230 2 
178 7 0 
179 8 5 64 1 10 1 68 1 27 3 76 2 
180 8 14 80 1 84 1 86 1 287 1 172 1 173 1 251 1 183 1 257 1 259 1 191 1 195 2 199 1 300 1 
181 8 13 265 2 301 1 208 1 275 2 209 1 215 2 277 2 179 1 200 2 333 2 204 2 363 3 219 1 
//idTournee nbColis
32 6
//IdColis IdCommandeInColis NbProducts IdProd1 QtyProd1 IdProd2 QtyProd2 ...
182 8 16 222 3 365 1 226 3 366 1 205 1 207 2 406 1 279 1 407 1 280 1 230 1 281 2 235 1 414 1 373 1 15 1 
183 8 7 31 1 134 2 175 1 192 1 45 1 89 1 91 1 
184 8 7 106 1 136 1 57 1 451 1 453 1 454 1 304 1 
185 8 0 
186 9 8 64 1 68 1 23 1 73 2 76 2 78 1 45 1 84 1 
187 9 5 89 1 91 1 106 1 136 2 119 1 
//idTournee nbColis
33 6
//IdColis IdCommandeInColis NbProducts IdProd1 QtyProd1 IdProd2 QtyProd2 ...
188 9 14 38 1 42 2 47 1 52 1 443 1 120 1 145 1 452 1 192 4 204 1 213 1 217 1 220 1 222 1 
189 9 15 456 1 479 1 183 1 257 1 191 1 261 1 199 1 265 1 207 2 228 2 230 1 327 1 422 1 244 1 419 1 
190 9 0 
191 10 13 65 1 67 1 68 1 69 1 24 1 74 1 75 1 76 2 78 1 79 1 45 1 89 1 90 1 
192 10 7 130 2 112 1 15 1 26 2 36 3 133 1 38 2 
193 10 13 52 2 39 1 147 1 148 1 101 3 149 1 47 1 152 1 49 1 115 1 156 1 157 1 158 1 
//idTournee nbColis
34 6
//IdColis IdCommandeInColis NbProducts IdProd1 QtyProd1 IdProd2 QtyProd2 ...
194 10 15 159 1 160 1 55 1 145 2 171 1 250 2 293 2 295 2 194 1 302 1 268 2 212 4 213 3 214 1 217 1 
195 10 20 276 2 219 1 311 1 220 1 173 1 346 1 348 1 350 1 183 1 296 1 258 1 320 1 191 1 195 2 199 1 264 1 305 1 272 1 205 1 207 2 
196 10 10 215 2 223 1 232 1 281 2 201 3 380 1 203 3 204 2 206 6 339 1 
197 10 10 325 3 365 2 449 1 450 1 354 1 382 1 439 1 91 1 106 1 136 2 
198 10 9 456 1 340 1 458 1 235 1 459 1 345 1 411 1 373 1 417 1 
199 10 0 
//idTournee nbColis
35 6
//IdColis IdCommandeInColis NbProducts IdProd1 QtyProd1 IdProd2 QtyProd2 ...
200 11 9 65 1 9 1 94 1 68 1 73 2 45 1 88 1 104 2 91 1 
201 11 14 92 2 173 1 290 1 252 1 254 1 183 1 296 1 320 1 191 1 195 2 199 1 301 1 334 1 205 1 
202 11 17 207 2 337 1 215 2 221 1 340 1 313 1 230 1 281 2 175 2 179 1 293 2 186 1 187 1 192 2 260 1 196 1 201 1 
203 11 9 204 3 206 5 306 1 211 1 212 1 213 2 214 1 323 2 225 5 
204 11 12 382 5 393 3 394 2 385 1 386 1 426 1 13 1 429 1 27 1 36 1 41 1 42 1 
205 11 20 44 1 141 1 47 2 52 2 153 1 159 2 163 1 106 1 456 1 463 1 279 1 227 1 368 1 369 1 408 1 410 1 370 1 413 1 372 1 373 2 
//idTournee nbColis
36 6
//IdColis IdCommandeInColis NbProducts IdProd1 QtyProd1 IdProd2 QtyProd2 ...
206 11 2 466 1 425 1 
207 12 9 9 1 68 1 16 1 45 1 88 1 104 2 91 1 92 1 106 1 
208 12 21 247 1 173 1 188 2 189 1 259 1 198 1 270 1 205 1 207 2 273 1 209 1 215 2 278 1 279 1 228 2 280 1 230 1 282 1 283 1 241 1 244 1 
209 12 13 174 2 177 2 179 2 260 2 197 2 302 1 201 1 351 2 203 1 204 3 339 1 212 1 352 2 
210 12 16 217 1 218 1 378 1 397 5 382 1 355 1 356 2 237 1 401 1 385 3 386 3 387 1 13 1 429 1 18 1 25 1 
211 12 11 38 1 42 3 43 1 141 2 51 2 159 1 144 2 443 1 163 1 354 1 226 2 
//idTournee nbColis
37 6
//IdColis IdCommandeInColis NbProducts IdProd1 QtyProd1 IdProd2 QtyProd2 ...
212 12 0 
213 13 12 9 1 12 1 14 1 71 1 96 1 30 2 99 1 102 1 45 1 48 1 53 1 105 1 
214 13 13 171 1 250 1 317 1 176 2 177 3 295 2 186 1 192 3 299 3 321 1 194 2 262 4 219 4 
215 13 10 220 3 200 3 266 1 302 1 268 3 211 1 212 4 213 2 214 3 216 1 
216 13 14 217 1 218 1 380 1 203 2 204 1 323 2 206 2 363 2 338 1 339 1 325 1 222 4 365 1 354 2 
217 13 21 226 1 205 1 340 1 279 1 232 1 281 2 358 1 238 1 3 1 6 1 429 2 430 2 33 2 39 2 41 1 42 1 43 1 432 1 433 1 51 2 52 1 
//idTournee nbColis
38 6
//IdColis IdCommandeInColis NbProducts IdProd1 QtyProd1 IdProd2 QtyProd2 ...
218 13 17 154 2 157 1 120 1 378 1 393 1 54 1 437 1 136 1 173 1 348 1 294 1 183 1 191 1 195 2 199 1 272 1 336 1 
219 13 3 207 2 471 1 215 2 
220 13 0 
221 14 13 9 1 10 1 95 1 27 1 30 2 74 1 98 1 100 1 101 1 48 1 53 1 107 1 108 1 
222 14 18 288 1 173 1 251 1 294 1 180 1 258 1 191 1 195 2 266 1 302 1 203 1 207 2 306 1 215 2 217 1 325 1 222 2 223 1 
223 14 11 405 2 365 1 328 1 329 1 231 2 232 1 369 1 233 1 411 1 412 1 419 1 
//idTournee nbColis
39 6
//IdColis IdCommandeInColis NbProducts IdProd1 QtyProd1 IdProd2 QtyProd2 ...
224 15 7 9 1 10 1 12 1 30 2 45 1 48 1 53 1 
225 15 11 105 2 174 1 293 2 190 1 333 2 217 1 222 1 355 1 237 2 198 1 267 1 
226 15 15 272 1 202 1 207 1 337 1 275 1 364 1 313 1 367 1 228 1 326 1 230 1 373 1 375 1 54 1 456 1 
227 15 6 460 1 252 1 183 1 256 1 189 1 277 2 
228 16 9 109 1 112 1 27 2 28 1 29 2 42 2 47 1 52 1 120 2 
229 16 12 68 1 71 1 45 1 82 1 127 1 128 1 88 1 104 1 90 1 91 1 164 1 169 1 
//idTournee nbColis
40 6
//IdColis IdCommandeInColis NbProducts IdProd1 QtyProd1 IdProd2 QtyProd2 ...
230 16 18 172 2 181 1 182 1 183 1 189 1 198 1 202 1 207 2 221 1 224 1 227 1 228 2 230 1 235 1 238 1 241 1 242 1 244 2 
231 16 8 174 3 177 1 179 2 293 2 349 1 192 6 194 3 196 4 
232 16 10 219 5 220 1 262 1 200 1 302 1 201 4 339 2 212 2 352 5 217 3 
233 16 8 276 2 204 3 206 5 325 3 222 2 365 3 354 3 396 1 
234 16 12 382 1 355 5 92 1 106 1 456 1 108 1 371 1 464 1 465 1 423 1 159 1 448 3 
235 16 1 452 1 
//idTournee nbColis
41 6
//IdColis IdCommandeInColis NbProducts IdProd1 QtyProd1 IdProd2 QtyProd2 ...
236 16 0 
237 17 17 110 1 111 1 25 1 51 1 115 1 117 1 168 1 175 1 176 1 203 2 204 1 206 4 210 2 212 1 213 2 214 1 222 3 
238 17 5 225 1 226 2 237 2 239 1 243 1 
239 18 7 10 1 95 1 30 2 113 1 48 1 114 1 100 1 
240 18 8 101 1 45 1 151 1 53 1 118 1 285 1 172 1 288 1 
241 18 20 173 1 177 1 290 1 291 1 292 1 181 1 296 1 297 1 298 1 191 1 299 1 195 2 305 1 207 2 306 1 309 1 215 2 217 1 277 1 223 1 
//idTournee nbColis
42 6
//IdColis IdCommandeInColis NbProducts IdProd1 QtyProd1 IdProd2 QtyProd2 ...
242 18 9 460 1 405 2 366 1 231 2 232 1 233 1 386 1 459 1 425 1 
243 19 8 11 1 30 2 48 1 89 1 116 1 105 1 106 1 119 1 
244 19 12 165 1 175 1 176 1 187 1 192 2 193 3 200 2 201 4 211 2 212 2 216 3 218 1 
245 19 20 220 2 173 1 290 1 180 1 319 1 257 1 188 2 320 1 191 1 199 1 205 1 207 2 308 1 215 2 277 2 279 1 228 1 326 1 230 1 342 1 
246 19 15 281 1 344 1 345 1 379 1 204 3 206 2 306 1 325 2 222 1 365 1 377 2 378 2 366 1 382 1 355 3 
247 19 6 393 1 394 1 109 1 31 1 151 1 439 1 
//idTournee nbColis
43 6
//IdColis IdCommandeInColis NbProducts IdProd1 QtyProd1 IdProd2 QtyProd2 ...
248 19 0 
249 20 6 95 1 30 2 97 2 113 1 99 1 48 1 
250 20 13 336 1 207 1 223 1 231 1 232 1 233 1 234 1 417 1 100 1 45 1 447 1 53 1 118 1 
251 20 8 455 1 164 1 288 1 173 1 183 1 191 1 195 1 215 1 
252 21 6 12 1 125 1 30 1 45 1 48 1 53 1 
253 21 9 105 2 54 1 119 1 469 1 316 1 172 1 183 1 191 1 362 1 
//idTournee nbColis
44 6
//IdColis IdCommandeInColis NbProducts IdProd1 QtyProd1 IdProd2 QtyProd2 ...
254 21 4 207 1 232 1 281 1 368 1 
255 22 5 12 1 30 2 45 1 48 1 53 1 
256 22 7 105 2 175 2 193 3 194 1 200 5 201 1 333 1 
257 22 11 204 4 217 3 218 2 219 1 220 2 440 1 441 1 325 2 391 1 377 1 355 2 
258 22 14 54 1 169 1 173 1 183 1 462 1 188 2 191 1 199 1 205 1 207 2 215 2 278 1 228 2 230 1 
259 23 12 12 1 30 2 72 1 73 2 126 1 35 1 79 1 45 1 48 1 53 1 205 1 207 1 
//idTournee nbColis
45 6
//IdColis IdCommandeInColis NbProducts IdProd1 QtyProd1 IdProd2 QtyProd2 ...
260 23 23 307 1 223 1 232 1 281 1 368 1 282 1 408 1 410 1 370 1 413 1 372 1 415 2 373 2 402 1 404 1 26 1 31 1 34 1 161 1 177 2 179 1 193 3 262 2 
261 23 14 200 1 203 1 217 1 237 2 105 1 54 1 119 1 162 1 461 1 173 1 183 1 257 1 191 1 195 1 
262 23 5 199 1 362 1 270 1 271 1 215 1 
263 24 10 68 1 123 1 124 1 76 2 81 1 45 1 84 1 85 1 88 1 89 1 
264 24 17 286 1 172 1 173 1 254 1 182 1 188 2 189 1 258 1 198 1 265 1 304 1 205 1 275 1 215 2 277 1 221 1 312 2 
265 24 10 174 4 186 1 197 1 200 3 201 4 211 1 212 5 352 1 353 2 354 2 
//idTournee nbColis
46 6
//IdColis IdCommandeInColis NbProducts IdProd1 QtyProd1 IdProd2 QtyProd2 ...
266 24 16 382 5 383 2 406 1 279 1 228 2 356 1 385 2 386 1 243 1 373 1 423 2 424 1 387 1 112 1 18 1 139 1 
267 24 17 19 1 25 1 34 1 36 2 43 1 141 1 47 1 51 2 52 1 159 1 144 1 443 1 120 1 391 2 378 2 90 1 91 1 
268 24 5 92 1 106 1 456 1 129 1 230 1 
269 24 0 
270 25 10 68 1 99 1 82 2 85 1 128 2 90 1 91 1 106 1 129 1 173 1 
271 25 18 180 1 182 1 183 1 188 2 189 1 199 1 271 1 272 1 202 1 335 1 205 1 336 1 207 2 308 1 215 2 310 1 313 1 228 2 
//idTournee nbColis
47 6
//IdColis IdCommandeInColis NbProducts IdProd1 QtyProd1 IdProd2 QtyProd2 ...
272 25 14 230 1 175 2 177 3 179 1 190 1 194 1 260 2 200 3 266 1 201 1 333 1 212 1 352 2 217 1 
273 25 11 218 3 379 1 203 3 206 3 363 2 325 1 222 2 365 1 391 3 377 1 378 1 
274 25 16 382 4 279 1 227 1 399 1 283 1 241 1 373 1 404 1 425 1 26 2 27 1 355 1 356 1 237 2 394 1 385 1 
275 25 0 
276 26 7 68 1 96 1 132 1 45 1 89 1 91 1 106 1 
277 26 14 136 2 183 1 199 1 362 1 271 1 207 1 221 1 232 1 281 1 368 1 369 1 370 1 372 1 374 1 
//idTournee nbColis
48 6
//IdColis IdCommandeInColis NbProducts IdProd1 QtyProd1 IdProd2 QtyProd2 ...
278 26 6 456 1 119 1 460 1 251 1 346 1 191 1 
279 27 7 68 1 13 1 131 2 71 1 27 2 28 1 132 2 
280 27 5 35 1 134 3 78 1 45 1 84 1 
281 27 17 89 1 91 1 106 1 108 1 245 1 172 1 251 1 180 1 191 1 199 1 264 1 267 1 269 2 270 1 271 1 272 2 207 2 
282 27 16 208 1 275 1 277 1 221 1 281 2 317 2 176 2 179 2 295 1 186 1 299 1 321 1 193 1 262 1 214 2 216 2 
283 27 12 217 3 219 2 311 1 220 2 200 3 201 2 203 1 204 1 206 2 212 5 213 1 325 1 
//idTournee nbColis
49 6
//IdColis IdCommandeInColis NbProducts IdProd1 QtyProd1 IdProd2 QtyProd2 ...
284 27 14 222 6 225 4 39 1 43 1 446 1 443 1 145 1 378 1 382 3 401 1 385 2 239 1 386 4 243 1 
285 27 7 136 2 456 1 119 1 476 1 367 1 478 1 232 1 
286 27 0 
287 28 7 68 1 21 1 45 1 84 1 88 1 104 2 90 1 
288 28 17 27 1 36 1 52 1 175 2 260 1 302 1 204 1 206 1 213 1 217 1 220 1 222 2 382 3 355 1 356 1 394 1 439 1 
289 28 8 91 1 92 2 106 1 456 1 183 1 191 1 199 1 207 1 
//idTournee nbColis
50 6
//IdColis IdCommandeInColis NbProducts IdProd1 QtyProd1 IdProd2 QtyProd2 ...
290 28 0 
291 29 9 68 1 76 1 135 1 45 1 88 2 104 1 91 1 92 1 25 3 
292 29 13 36 1 38 1 39 1 42 1 141 2 47 3 143 1 144 4 120 3 145 1 173 1 183 1 257 1 
293 29 15 188 2 189 1 258 1 198 1 269 1 272 2 205 1 336 1 275 1 215 2 277 2 312 2 313 1 343 1 200 4 
294 29 13 212 6 381 3 382 2 383 1 355 1 237 1 385 1 386 4 387 1 388 1 380 2 389 4 203 1 
295 29 11 204 2 376 5 339 2 325 1 365 1 354 1 392 2 378 2 106 1 437 1 456 1 
//idTournee nbColis
51 6
//IdColis IdCommandeInColis NbProducts IdProd1 QtyProd1 IdProd2 QtyProd2 ...
296 29 19 463 2 420 1 279 1 228 2 230 1 473 1 236 1 283 1 372 1 464 1 422 1 424 1 244 1 452 1 174 1 179 1 186 1 483 1 192 2 
297 29 7 193 2 194 1 217 3 218 1 353 3 219 3 220 1 
298 29 0 
299 30 9 137 1 132 2 97 1 32 1 45 1 48 1 89 1 91 1 106 1 
300 30 20 167 1 173 1 178 1 183 1 185 1 191 1 195 2 205 1 207 2 215 2 223 1 224 1 229 1 231 2 232 1 233 1 234 1 236 1 238 1 240 1 
301 30 12 177 3 293 1 299 4 321 2 194 1 200 5 212 2 213 1 214 2 216 3 218 1 219 2 
//idTournee nbColis
52 6
//IdColis IdCommandeInColis NbProducts IdProd1 QtyProd1 IdProd2 QtyProd2 ...
302 30 12 302 2 380 1 203 3 323 1 206 3 339 1 211 1 222 2 365 1 354 2 225 4 384 1 
303 30 13 7 1 429 1 431 1 31 1 36 1 44 1 378 1 366 1 382 2 356 1 401 4 393 2 385 1 
304 30 1 136 2 
305 30 0 
306 31 14 138 1 140 1 132 1 30 1 134 1 48 1 142 1 85 1 89 1 91 1 106 1 333 1 206 1 217 2 
307 31 20 365 1 136 1 61 1 173 1 477 1 183 1 185 1 296 1 191 1 195 1 199 1 335 1 205 1 336 1 207 1 308 1 215 1 310 1 313 1 230 1 
//idTournee nbColis
53 6
//IdColis IdCommandeInColis NbProducts IdProd1 QtyProd1 IdProd2 QtyProd2 ...
308 31 1 281 1 
309 32 6 139 1 27 2 28 1 29 2 31 1 172 1 
310 32 19 289 2 251 2 178 1 294 1 182 1 319 1 183 1 185 1 320 1 191 1 199 1 300 1 269 1 272 1 207 2 221 1 230 1 327 1 329 1 
311 32 11 175 3 177 2 179 2 187 1 193 2 360 1 216 2 217 2 218 1 276 3 220 1 
312 32 6 200 2 266 3 302 1 339 3 212 6 214 7 
313 32 10 379 2 203 3 204 4 206 1 390 1 325 3 222 3 365 1 226 2 420 1 
//idTournee nbColis
54 6
//IdColis IdCommandeInColis NbProducts IdProd1 QtyProd1 IdProd2 QtyProd2 ...
314 32 12 228 2 421 1 236 1 283 1 422 1 373 2 68 1 442 1 103 1 45 1 84 1 88 1 
315 32 9 104 2 444 1 326 1 38 2 146 1 101 1 141 2 433 1 448 2 
316 32 7 378 3 355 1 401 1 393 1 90 1 91 1 92 2 
317 32 2 106 1 456 1 
318 32 0 
319 33 6 132 2 103 1 45 1 48 1 89 1 91 1 
//idTournee nbColis
55 6
//IdColis IdCommandeInColis NbProducts IdProd1 QtyProd1 IdProd2 QtyProd2 ...
320 33 11 105 2 257 1 199 1 205 1 207 1 215 1 277 1 279 1 232 1 281 1 106 1 
321 33 8 456 1 119 1 172 2 173 1 183 1 185 1 191 1 195 1 
322 34 5 31 2 38 1 44 1 101 1 168 1 
323 34 14 174 2 177 1 179 1 186 2 192 4 193 1 194 2 260 2 262 1 218 1 276 2 219 4 220 2 284 1 
324 34 18 173 1 251 1 188 2 189 1 258 2 261 1 198 1 303 1 202 1 205 1 207 2 308 1 215 2 313 1 314 1 315 1 228 2 230 1 
325 34 5 200 6 266 2 212 6 352 6 213 1 
//idTournee nbColis
56 6
//IdColis IdCommandeInColis NbProducts IdProd1 QtyProd1 IdProd2 QtyProd2 ...
326 34 6 217 4 302 3 379 1 380 2 203 4 206 7 
327 34 9 376 1 339 3 211 2 204 3 325 1 222 4 365 2 391 2 226 4 
328 34 17 397 1 383 1 384 1 427 1 10 1 428 1 68 1 70 1 82 2 434 1 435 1 91 1 436 1 106 1 437 1 279 1 227 1 
329 34 15 400 1 344 1 283 1 115 1 161 2 452 1 356 1 237 1 401 2 386 2 387 2 422 2 415 1 373 1 423 2 
330 34 1 425 2 
331 34 0 
//idTournee nbColis
57 6
//IdColis IdCommandeInColis NbProducts IdProd1 QtyProd1 IdProd2 QtyProd2 ...
332 35 13 172 1 291 1 318 1 183 1 191 1 322 1 207 1 326 1 328 1 232 1 281 1 233 1 330 1 
333 36 20 173 1 183 1 331 1 191 1 195 2 300 1 264 1 332 1 272 1 205 1 207 2 337 1 215 2 277 1 223 1 340 1 341 1 232 1 281 2 66 1 
334 36 13 12 1 16 1 30 2 48 1 53 1 105 1 54 1 57 1 233 1 445 1 34 2 210 1 217 1 
335 36 4 220 1 365 1 396 1 386 2 
336 37 15 361 1 183 1 191 1 195 1 205 1 207 1 215 1 223 1 231 1 232 1 233 1 371 1 30 1 97 1 113 1 
337 37 8 78 1 100 1 48 1 435 1 53 1 54 1 316 1 173 1 
